1.461968422e-01
6.715281010e-01
1.429389715e+00
-1.571107030e+00
-6.128864884e-01
7.751619816e-02
-2.377951592e-01
-1.452043056e-01
-1.202646364e-02
5.066448357e-03
-3.385359794e-02
2.246201783e-01
1.572876453e+00
-2.282240868e+00
4.353242517e-01
3.972920477e-01
2.499260008e-01
1.928535998e-01
-4.156914949e-01
-4.242097735e-01
7.644910365e-02
7.748998404e-01
-7.219462991e-01
1.158105358e-01
-2.550661266e-01
-2.374920435e-02
3.885497153e-01
-5.419794321e-01
-4.186339676e-01
1.914978474e-01
1.686648577e-01
2.642161608e+00
-2.842880413e-02
-2.416257620e+00
-3.556462526e-01
8.083970100e-02
-2.140602171e-01
-1.607170105e-01
-2.179097198e-02
2.444610232e-03
-1.643334925e-01
-4.387759566e-01
2.712609172e-01
-1.253942102e-01
2.116416246e-01
6.710547209e-02
-1.594283879e-01
-6.228200197e-01
1.756081581e+00
-1.041192532e+00
-7.098300755e-02
1.886489540e-01
1.330512017e-01
9.317418188e-02
-3.136960045e-02
-4.968994483e-02
-3.363915682e-01
4.631477892e-01
7.828510553e-02
7.022220641e-02
-7.844210416e-02
-4.885255337e+00
4.924973011e+00
1.951123327e-01
-1.573806852e-01
1.188763678e-01
3.886252940e-01
1.849706918e-01
-3.311722875e-01
-6.837143004e-02
2.379250973e-01
-4.017800465e-02
-3.758390844e-01
-3.210487664e-01
1.075166240e-01
-8.682326227e-02
-1.074437857e+00
1.158246517e+00
2.387639731e-01
-2.312272340e-01
