1.708104759e-01
1.412827820e-01
5.362654477e-02
1.072530895e-01
-2.572750151e-01
1.423420664e-02
-1.311533153e-01
1.102323458e-01
2.692913264e-02
5.683751777e-02
1.418124139e-01
9.939117357e-03
4.803217202e-02
7.693091780e-02
3.230834007e-02
6.412013620e-02
1.995437145e-01
-2.337058038e-01
-2.292038351e-01
7.171391845e-01
3.026920557e-01
-3.929965198e-01
3.929965198e-01
4.133878350e-01
-3.895538151e-01
-3.493008018e-01
2.314548194e-01
-7.097241282e-02
3.304984272e-01
3.347355723e-01
-2.115931362e-01
-2.952770293e-01
-3.188462257e-01
-2.047077566e-01
-2.982562780e-02
-4.972041398e-02
-9.997047484e-02
1.539942473e-01
1.128805708e-02
1.334043145e-01
-7.044277191e-01
-4.155064225e-01
-5.227594972e-01
-1.245989650e-01
8.891413361e-02
-3.278832883e-02
1.237382889e-01
-5.448721722e-02
9.248924255e-02
-1.061938033e-01
4.403997362e-01
-1.640575081e-01
-1.889508218e-01
5.703613535e-02
-2.702513039e-01
1.050683036e-01
-4.086210430e-01
-2.258935422e-01
-4.374866784e-01
-3.649253249e-01
-4.346398264e-02
-1.490950435e-01
-1.081137657e-01
-9.613054991e-02
-1.222155616e-01
5.624828935e-01
3.360596895e-01
2.183461040e-01
3.257316053e-01
-3.657197952e-01
-5.720164999e-02
-1.602175832e-01
1.345960051e-01
4.321902394e-01
3.303660080e-02
1.510315482e-02
2.820359170e-01
2.621742189e-01
1.188390702e-01
-5.650648847e-02
1.276980992e-02
-9.065552056e-02
-1.567848921e-01
-1.238468885e-01
-5.052182823e-02
-9.126360714e-02
-1.039827392e-01
5.024312437e-02
-7.312236726e-02
-1.016517431e-01
-6.506522745e-02
2.571697813e-03
4.015902802e-02
6.501454860e-02
2.129568532e-02
1.600280255e-01
3.711859509e-02
1.389476955e-01
1.987428367e-01
1.531363726e-01
-4.532776028e-02
-5.111724604e-03
7.302101701e-02
7.707493007e-02
-8.219298720e-02
-4.829217866e-02
-2.802263945e-02
-6.156872958e-02
-9.317654185e-03
-1.255698055e-01
2.669878537e-03
1.071751956e-02
2.835202031e-02
1.122425776e-02
6.916980725e-03
-1.089487821e-01
-8.427061141e-02
4.677829798e-03
-5.619730055e-02
-7.266630232e-02
1.292183157e-02
1.394544393e-01
1.227320656e-01
1.614468843e-01
1.201983765e-01
2.599568479e-02
-5.523449555e-02
-1.315493137e-01
-1.715816557e-01
-4.517573863e-02
9.830726683e-02
-1.011956781e-01
1.445218176e-01
3.744797409e-02
-3.121509217e-02
8.335848153e-02
1.166512072e-01
2.219514698e-01
1.486770809e-01
2.162506618e-02
-3.475909471e-04
2.916280180e-02
3.787870333e-02
2.716118470e-02
-1.713409554e-03
-1.073272154e-01
3.341940418e-02
-1.358059235e-02
1.216172427e-01
1.184501220e-02
-4.418759793e-02
1.011956781e-01
-7.459190488e-02
-8.624689281e-02
5.634932220e-02
-1.516414993e-02
-1.637778878e-01
-1.785746515e-01
-1.724937856e-01
4.968570918e-02
1.177331284e-01
-6.080405042e-02
-3.427699581e-02
1.009965595e-02
2.442467771e-02
-3.559613228e-02
-1.824121550e-02
8.141559362e-02
2.893860452e-02
-7.943688333e-02
-4.201456606e-01
-2.227695435e-01
-2.516257167e-01
-8.607380092e-02
-1.264724284e-01
6.105138734e-02
-1.403233707e-01
-1.679428369e-01
7.873608917e-02
-1.927179098e-02
-2.855935395e-01
-1.284099091e-02
4.390258342e-02
4.390258342e-02
-7.865364105e-02
4.662330821e-02
1.457648277e-01
-2.072696686e-01
4.320179299e-02
2.636216208e-02
7.836508006e-02
1.454350352e-01
1.535147578e-01
2.176578902e-02
2.496057749e-02
-7.719022222e-03
-1.812785119e-02
8.013767749e-02
1.189285982e-02
-6.612182409e-02
1.643152088e-01
-1.589149795e-02
1.554934680e-01
1.703337878e-01
3.522512689e-02
-1.188049242e-01
6.447290629e-02
-7.556191087e-02
6.426678598e-02
-8.193087764e-03
-1.380973309e-01
-6.335987896e-02
3.273112699e-02
6.714209914e-03
4.794244468e-02
-8.548636921e-03
1.700039953e-01
9.604978561e-02
1.625838429e-01
-5.416713282e-02
-6.674017012e-02
-4.612863064e-02
-5.231209472e-02
-8.862963319e-02
-1.350056008e-02
-5.466181040e-02
-7.387176901e-02
-1.407356113e-01
-2.539341897e-02
-6.154606491e-02
2.058062516e-02
-4.085207731e-02
1.031401530e-01
-1.028928161e-01
4.324301332e-02
1.582141966e-01
1.538445503e-01
6.814175844e-02
2.394236773e-01
2.108560689e-02
-3.590177894e-01
-2.093082368e-01
4.896215796e-01
-5.264073610e-01
2.648433484e-02
-1.749463230e-01
6.227204949e-02
-1.668192297e-01
1.819327623e-01
8.719691075e-03
1.276095808e-01
2.229959667e-01
2.164372504e-01
-9.987767041e-02
-8.533445001e-02
2.940010726e-01
7.134730220e-01
6.758317351e-01
5.107234716e-01
-2.878701091e-01
-3.541700542e-01
2.922900915e-01
1.034564376e+00
-2.190037072e-01
2.550765872e-01
-6.508801877e-02
-1.722372919e-01
2.093082368e-01
1.239737794e-01
1.871369546e-03
-1.508680359e-02
-1.877785623e-01
-7.243091464e-01
-1.143495888e-01
1.869230866e-01
-2.346875668e-01
5.275480077e-02
-1.638250351e-01
1.110702381e-01
-7.000704110e-02
-1.940521151e-01
4.528357983e-01
4.488435388e-01
2.268456370e-01
-1.015886366e-01
1.318157017e-01
8.095901459e-03
2.299824059e-01
-3.262242675e-01
6.815350056e-02
2.516546547e-01
-2.864443064e-01
1.184131354e-01
2.026069462e-01
-4.736525416e-01
-2.361133695e-01
3.687132597e-01
-6.262137294e-01
3.838268220e-01
3.809751868e-01
-4.010077566e-02
-6.833172590e-02
-3.136771917e-01
-8.771554828e-01
4.665057175e-03
-2.242079005e-02
4.742228687e-01
3.421933055e-01
-9.396057576e-02
-4.491286874e-01
3.589465097e-02
-1.391586065e-01
1.224053949e-01
1.626843959e-01
-1.287680492e-02
5.212744474e-01
-2.764636576e-01
4.017919600e-01
1.828452826e+00
7.935497910e-03
4.594149590e-01
6.328215599e-01
8.744326830e-01
-4.304602444e-01
-2.969467938e-01
5.963869020e-02
-2.366646565e-02
-2.221872844e-02
1.848276556e-01
-4.105136395e-01
3.581136465e-02
-5.971911922e-02
-3.854195476e-01
3.423091769e-01
1.270790696e-01
-3.844543993e-01
-3.426308930e-01
4.294950664e-01
6.666020751e-01
6.193093657e-01
1.129234210e-01
-7.019912004e-01
4.574846327e-01
4.925520122e-01
-4.994690046e-02
-6.522855908e-02
3.535693586e-01
-6.106229424e-01
2.967859209e-01
2.239165306e-01
-3.748027980e-02
-1.674548239e-01
-5.092813969e-01
-4.462244809e-01
8.636148646e-03
1.362279523e-02
2.710483968e-02
-5.670300126e-02
1.867579669e-01
-3.764114082e-01
-2.330855280e-01
9.160953015e-02
-6.447252035e-01
1.393687367e+00
-1.452561915e-01
-7.624743879e-02
2.467585951e-01
3.004857004e-01
-3.580734134e-01
-1.734066308e-01
1.166231930e-01
-2.919601202e-01
1.462213546e-01
-4.230606928e-02
-1.593314111e-01
-2.235948108e-02
-5.227936506e-01
-1.525753140e-01
2.057715654e+00
-5.942152739e-01
6.821451243e-03
5.601934716e-02
1.540230494e-02
-1.168483973e+00
3.533883952e-03
-4.789593816e-02
3.426308930e-01
-7.997938395e-01
1.032075047e+00
-5.260108113e-01
1.288485229e-01
1.062477529e-01
-8.855319768e-02
-5.922849774e-01
3.154456317e-01
3.977252916e-02
-8.396869898e-02
-1.286072284e-01
2.985553741e+00
6.341888756e-02
-6.192156672e-02
-7.706236839e-02
-6.930974871e-02
3.253449872e-02
1.056874264e-02
5.208170414e-02
-6.907782983e-03
-1.313969642e-01
-4.249032121e-03
-1.052898541e-01
5.771394819e-02
3.664272651e-02
4.770843312e-03
-1.007177979e-01
-6.831581891e-02
-4.515735433e-02
-1.773163378e-01
3.581445292e-02
1.637492515e-02
-6.241853163e-02
1.510767043e-01
2.658419907e-01
2.849253416e-01
1.749309152e-01
1.189397648e-01
6.086137891e-02
8.965209126e-02
4.187740013e-02
-4.916618764e-02
2.679457888e-03
4.187740013e-02
5.655436963e-02
4.224184155e-02
3.677524999e-02
4.422969185e-03
5.125343055e-02
3.385559190e-03
-7.812255621e-02
-7.661510259e-03
-9.097732604e-02
2.138928026e-01
7.646600902e-02
-1.502815634e-01
-6.775259972e-02
3.571506217e-02
9.144116193e-02
1.489563286e-01
1.713527739e-01
1.757260561e-01
3.717282042e-02
-1.990501732e-01
-2.878408730e-01
3.196464777e-01
2.592158020e-01
1.274875253e-01
3.215018213e-01
2.545774877e-01
1.974598914e-01
7.394807041e-02
1.013804153e-01
-2.330755629e-02
-3.793482855e-02
-1.789066195e-02
-1.011319365e-02
-1.574543864e-02
-6.062946469e-02
-1.697956212e-02
1.101269647e-01
-9.203751385e-02
6.523465365e-02
9.011592716e-02
-1.875206381e-01
-1.698950231e-01
-6.805077195e-02
-1.200662181e-01
-1.243732274e-01
-1.304693073e-01
-1.900385767e-01
-1.428602487e-01
-1.939811558e-02
-1.061791927e-01
-8.826340735e-02
-3.526777774e-02
-8.973550983e-03
1.020291168e-02
-1.838560030e-02
-1.625575125e-02
1.157008633e-01
7.153783739e-02
-4.222110659e-02
1.695265062e-03
3.473531455e-02
-7.877306081e-03
2.125149779e-02
1.239540242e-02
1.533490568e-01
1.903081834e-01
2.820482664e-02
2.064073272e-02
1.176427826e-01
-1.030470580e-01
8.694791794e-02
9.296160191e-02
6.677699834e-02
-6.752870977e-02
1.547271907e-01
-5.274505913e-02
1.687591374e-01
1.685085595e-01
4.735779762e-02
3.689648584e-02
2.798557654e-02
1.190209202e-02
6.949412171e-03
2.117319591e-02
7.430977188e-03
6.906345487e-03
9.440238029e-02
1.400688291e-01
-5.531340837e-02
2.156157941e-01
5.390394852e-02
-4.112486169e-02
8.650941402e-02
8.463013917e-02
-1.286678761e-01
-4.121882468e-02
1.371872704e-02
1.624009199e-02
6.217277050e-02
-9.039326012e-02
-3.174413368e-02
1.653764397e-02
-1.990468241e-02
-7.698774338e-02
5.672286451e-02
-1.108773798e-02
6.471762434e-03
-4.269092530e-02
4.742044210e-02
-6.029349286e-03
4.494605958e-02
7.391825318e-02
1.054901183e-01
1.869881339e-02
-2.308379486e-02
-9.715865552e-02
1.776543856e-01
1.304218769e-01
-9.546730667e-02
8.024515957e-02
-6.182823703e-02
1.416975409e-01
8.343993127e-02
7.347975671e-02
1.070405263e-02
-3.928864840e-03
-9.327481687e-02
-2.157410830e-01
-7.818577811e-03
-7.059369236e-02
-1.083560139e-01
-1.872511655e-01
2.736987919e-02
-3.982208297e-02
2.832173929e-02
-1.476787627e-01
1.203400865e-01
-1.088553444e-01
4.378556460e-02
9.618468583e-02
-5.876566097e-02
1.641568542e-02
-1.188420802e-01
-5.890609697e-03
-9.556051344e-02
1.144728810e-01
-6.978227198e-02
7.128027827e-02
7.540760562e-03
3.022545949e-02
-9.649676830e-02
1.160333082e-01
-1.687757224e-01
6.403990090e-02
8.501203358e-02
-1.391900331e-01
-1.196535006e-01
-6.335331500e-02
-3.997812420e-02
-9.025506675e-02
-7.065610588e-02
-3.757506981e-02
-3.156742826e-02
-7.184202969e-02
5.188418087e-03
-8.482477814e-02
7.671055943e-02
-1.465552449e-01
7.115544379e-02
-1.190605387e-02
1.034250632e-01
4.222513735e-02
-1.185299903e-01
-1.801356226e-01
1.001169607e-01
-2.101894468e-02
1.732073352e-02
-4.366073012e-02
-1.014277190e-01
-2.579072714e-01
2.021064311e-01
5.236791074e-02
1.021767259e-01
-2.651476562e-01
-6.940776855e-02
-3.170786500e-01
-1.388155371e-01
-1.964889020e-01
-1.478504017e-02
1.548235596e-04
-2.649604157e-02
-8.214084804e-02
-6.379023194e-02
-2.654675394e-03
2.378089875e-01
-8.807046711e-02
-2.586562932e-01
-1.460559070e-01
-6.151200831e-02
-2.856204510e-01
6.819063332e-03
-6.466407329e-02
-8.807046711e-02
1.091518253e-02
-6.716075540e-02
-6.709833443e-02
1.010532156e-01
1.684012264e-01
-3.926032782e-02
2.220498212e-02
-6.903132796e-02
-9.493952245e-02
1.388633549e-01
-4.117858782e-02
6.680081785e-02
-1.405505277e-02
1.538477838e-01
6.033806875e-02
2.119696466e-03
-5.867948756e-02
6.251138449e-02
3.330890238e-01
3.168463707e-02
-4.741256684e-02
-6.068122387e-02
1.679171324e-01
-1.132411137e-01
-5.541951582e-02
-7.246287912e-02
-1.365470514e-02
1.033468172e-01
1.507021952e-02
-2.330021709e-01
1.286830902e-01
3.626003489e-02
1.276536286e-01
1.107246503e-01
1.787836999e-01
1.450401396e-01
1.128121745e-02
-2.790993080e-02
-1.326865610e-02
-3.335036570e-03
-2.696625516e-02
7.921158522e-02
-1.050911844e-02
2.339172512e-01
7.726704329e-02
1.950263605e-02
-8.510241657e-02
1.068927497e-01
5.201656371e-02
-7.046113908e-02
-6.359804422e-02
3.906246647e-02
-1.635705084e-01
-1.917092055e-01
-4.997193348e-03
-6.737274677e-02
-1.991442293e-01
9.079306386e-03
-1.595670357e-02
9.601187892e-03
-7.189095020e-02
1.060348600e-01
1.414941996e-01
3.148446232e-02
-5.296023935e-02
8.344383538e-02
-1.098810602e-02
-1.645713672e-02
-1.385487895e-02
2.093244903e-02
2.849615552e-02
-3.829036653e-02
2.260532975e-02
9.459636360e-02
-9.402444214e-02
1.509881616e-01
-1.817291230e-02
-1.241076887e-01
2.286555469e-01
1.871338040e-01
-3.434408456e-02
-3.311444819e-02
-8.270032704e-02
1.396640390e-01
1.561354753e-02
-1.670020521e-01
1.225922182e-01
-9.912409633e-02
9.781119972e-02
-5.854722112e-02
5.149037391e-02
-1.099555418e-01
-1.455679983e-01
1.726466119e-01
-4.414632916e-02
-1.278438270e-01
1.790880412e-02
3.084806725e-03
1.663282663e-01
-1.235768944e-01
-5.464954302e-02
1.880732030e-01
5.461671948e-01
1.546762586e-01
-4.982462823e-01
-2.711142600e-01
1.696925759e-01
1.509837210e-01
-1.934889257e-01
-1.532813013e-01
4.353090748e-02
8.886705339e-02
-2.867049575e-01
1.195561364e-01
7.442513108e-02
1.330133826e-01
-1.445833296e-01
-2.169570476e-01
-4.882354289e-02
-4.492586479e-02
7.032231241e-02
-6.166536361e-02
-1.431063116e-01
2.105566561e-01
-1.581226289e-01
-7.979982346e-02
1.903707832e-01
4.069996178e-01
-1.353109628e-01
-1.404805034e-01
-8.829265833e-02
1.301414073e-01
-7.536057234e-01
2.560158968e-01
1.203766987e-01
3.987939656e-02
-3.741770685e-01
-1.303055137e-01
4.014607891e-02
1.959506124e-01
7.803560793e-02
-4.099536240e-01
4.404786229e-01
1.527274214e-02
5.862927809e-02
-1.479476392e-01
3.382774070e-02
-1.371161938e-01
-2.666832134e-02
4.410529882e-02
2.455537021e-02
5.711123347e-01
-3.938705921e-01
-4.762551785e-01
-2.501078248e-01
-1.372803152e-01
-1.836421639e-01
-2.125260085e-01
7.846640423e-03
3.485754728e-01
3.260920346e-01
-3.170658350e-01
-1.593534797e-01
1.119248942e-01
-2.053050399e-01
-3.454573452e-02
4.671121761e-02
5.983419344e-02
2.924588043e-03
2.997189015e-02
2.499940619e-02
8.092958480e-02
-9.161426127e-02
1.460239291e-02
-1.300791055e-01
-1.513662655e-02
-2.947875112e-02
5.323161185e-02
1.350104958e-01
5.994378030e-02
2.725962549e-02
6.568336859e-03
-3.547860682e-02
-4.013603181e-02
3.465671092e-02
2.928697504e-02
9.095674381e-03
-1.533114165e-01
-3.007051647e-01
-2.452544421e-01
-3.725938872e-02
-8.986087888e-02
1.038331445e-02
-9.172384441e-02
-8.081999421e-02
4.772489145e-02
2.558843233e-02
3.217389341e-03
1.266408246e-02
9.664153680e-03
-2.186249383e-02
9.199780971e-02
-5.873832852e-02
-1.153397188e-02
-5.945064127e-02
-3.441699082e-03
-5.884791538e-02
-1.119425446e-01
2.821850777e-02
2.961573377e-02
-5.484801158e-02
1.949268766e-02
-2.349259146e-02
-1.186821088e-01
-1.021893546e-01
-2.849247307e-02
9.068277478e-02
2.107347101e-01
8.766914718e-03
8.799790591e-02
-1.171479002e-01
3.235539421e-02
1.912283339e-02
6.799837947e-02
3.988946229e-02
1.141753700e-02
-3.361563757e-02
-2.906780131e-02
-3.041023575e-02
-3.693062812e-02
-2.717743628e-02
-1.205450818e-01
2.507337630e-01
1.114494056e-01
8.953211457e-02
7.687488198e-02
-9.791547805e-02
-5.386173353e-02
-1.899954863e-02
6.312178820e-02
-7.101201266e-02
1.345721483e-01
2.120497525e-01
2.441585809e-01
2.785687149e-01
2.007623464e-01
3.926829696e-01
2.444681525e-01
4.164586961e-01
2.467690408e-01
2.544386089e-01
2.646008432e-01
-2.129509300e-02
-2.902939618e-01
8.498863876e-02
-1.973720826e-02
-1.400898397e-02
1.685392261e-01
3.841985017e-02
-3.724544123e-02
-3.163705394e-02
-4.114734530e-01
3.420636952e-01
5.414729714e-01
3.855885863e-01
-2.158989310e-01
-1.099507511e-02
6.754031777e-02
-2.112732083e-02
2.831995785e-01
1.434452832e-02
1.264523566e-01
-6.447248161e-02
1.711277068e-01
-1.106338277e-01
-4.587373137e-02
-9.836248308e-02
-3.104266226e-01
-5.081102848e-01
-3.087009788e-01
-1.415039152e-01
1.965332180e-01
3.676609322e-02
-3.441728055e-01
1.274110526e-01
-1.730450988e-02
1.222340763e-01
-1.900140792e-01
1.049775034e-01
6.030214578e-02
-2.298959345e-01
-4.112817347e-02
1.424626261e-01
2.804193646e-02
-1.753459871e-01
-5.570039153e-02
-4.689953923e-01
3.721668124e-01
-2.890476398e-02
-1.927942932e-01
1.106338277e-01
-6.082943082e-02
-1.144686192e-01
-3.761933446e-01
2.939369977e-01
3.029487729e-01
-2.624437585e-02
-1.015261859e-01
-1.486941576e-01
-1.401617378e-01
-1.131264418e-01
1.788931638e-01
-9.141191840e-02
1.046898961e-01
-2.053532451e-01
1.466808915e-01
-1.776468605e-01
1.144686192e-01
2.066954374e-01
-3.424471617e-01
8.508450538e-02
-2.904856950e-02
3.938333988e-01
5.215320587e-01
2.588486373e-01
2.833913267e-01
-4.144047201e-02
-6.034738570e-02
-2.166316360e-01
-6.909968704e-02
-1.649882048e-01
3.056053445e-02
4.613093287e-02
1.926474124e-01
-6.324870139e-02
8.673727862e-04
-1.497804653e-02
-1.234026626e-01
-2.332658470e-01
-6.920607090e-01
2.460316420e-01
-3.282356262e-01
-2.030921578e-01
-7.872238755e-02
5.175948739e-01
5.531843305e-01
-1.202112138e-01
-1.690500379e-01
1.252401620e-01
5.214632750e-01
-3.401793540e-02
-3.836991265e-02
-4.441431910e-02
6.397403032e-02
-4.375185370e-01
2.328790128e-01
-6.945026573e-03
-2.988355979e-02
-7.233949006e-02
-2.375211120e-01
-1.347903349e-02
-4.306037351e-02
1.005789712e-01
1.676961035e-01
-2.197747305e-02
-2.393586189e-02
1.176000312e-01
2.536234260e-02
-5.638225004e-02
7.272633314e-01
-7.183659673e-01
-7.833554596e-02
1.909066290e-01
4.665316939e-01
-3.038645387e-01
-7.920594513e-02
-1.110237166e-01
-2.545905299e-02
-2.228211164e-01
-4.243659079e-01
1.756263673e-01
-1.219520047e-01
-2.032855749e-01
9.409936517e-02
3.744632602e-01
3.263013959e-01
-4.067887552e-03
2.148183063e-02
2.657122351e-02
-9.318061918e-02
-8.723291755e-02
3.346185088e-01
2.541553378e-01
5.597606897e-01
2.763987482e-01
-6.866449118e-01
-1.298822761e-01
1.357574388e-02
-5.485422611e-01
-5.067632794e-01
7.838390023e-02
6.934146583e-02
1.049309522e-01
-4.961251467e-02
-4.293948412e-01
2.011579424e-01
6.186210513e-01
9.476748109e-01
5.537974834e-01
9.320447594e-02
4.314717278e-02
-1.750565916e-01
5.468873382e-01
-4.629786313e-01
-2.007227950e-02
-1.951700076e-02
-8.127627522e-02
-2.615977228e-01
-1.198989619e-02
-1.475600433e-02
-1.527015120e-02
6.393514276e-01
2.102653533e-01
-2.432941273e-02
-1.424802840e-01
4.820637405e-02
1.862444282e-01
3.863091171e-01
3.698564172e-01
-4.103300273e-01
-3.300409317e-01
7.627466321e-01
-7.502425909e-01
5.225373507e-01
-2.428416759e-01
7.434558123e-03
-2.342862785e-01
-6.284926534e-01
-3.185240328e-01
-2.025737241e-02
-1.617504843e-02
-1.716015339e-01
5.103623867e-01
-4.264536798e-01
-7.000618428e-02
-1.785052300e-04
2.439933568e-01
9.424099326e-01
-5.123366714e-01
-9.933310561e-03
-1.196933016e-01
-6.334284786e-03
-3.074596077e-02
1.583571136e-01
3.025238030e-02
2.848371677e-02
3.672239780e-01
-7.311574221e-01
5.837413669e-01
-1.816376746e-01
1.773599684e-01
-1.222763777e+00
2.498176098e+00
-2.443224192e-01
-4.919353724e-01
2.392220795e-01
1.045568287e-01
-1.209601641e+00
-1.666862890e-02
3.455064446e-02
-1.735758595e-02
-1.959515065e-01
-4.021036923e-01
-2.464612573e-01
2.272116244e-01
3.327555954e-02
1.268913597e-02
-1.439610124e-01
5.639158934e-02
1.062843651e-01
1.435496956e-01
-3.249405921e-01
3.406364441e+00
-1.593442857e-01
-8.761056513e-02
-3.189764917e-02
1.728185825e-02
1.105592251e-01
8.710726351e-02
6.438120455e-02
6.901226589e-04
-1.963263750e-01
3.537336737e-02
-9.592966735e-02
-6.072381511e-03
3.685307503e-02
-4.989124462e-02
-1.978898346e-01
-1.382548660e-01
-1.493107826e-01
-3.364238888e-02
8.843341842e-03
-8.984332532e-02
-1.705292165e-01
-2.398241684e-02
-3.135303035e-02
-2.244687229e-01
-6.637741346e-03
1.877273172e-01
-1.045287177e-01
5.452928599e-04
-1.439224184e-02
-4.232519865e-02
1.158079952e-01
2.391261980e-02
7.105384488e-03
-6.094193086e-04
-4.132011160e-02
-4.612217844e-02
-1.792399585e-02
-1.048358250e-02
-1.881740242e-01
4.316276684e-02
-9.352863580e-02
1.433640439e-02
3.045962378e-02
-8.492958546e-02
-1.439503431e-01
-2.196666598e-01
-9.224435687e-02
-1.178181618e-01
1.425962709e-02
1.112851128e-01
1.630469263e-01
1.318893284e-01
3.115759790e-02
1.422751993e-01
1.220758073e-02
1.036911458e-01
-1.594733000e-01
-1.311075985e-01
-4.408409446e-02
-1.619301736e-02
-1.582448632e-01
-7.928995043e-02
7.337111980e-02
2.508521639e-02
4.067797586e-02
7.331528515e-02
7.973664999e-02
5.631261319e-02
1.106150597e-01
-3.607134148e-02
3.555763364e-01
2.434536368e-01
4.665264115e-02
4.352571443e-02
-1.269755960e-01
5.111968145e-02
1.684073806e-01
-7.778231800e-02
7.691683248e-03
-5.271106213e-02
-3.470331058e-02
-8.554380387e-02
-1.551179439e-01
1.750575751e-01
5.338689089e-01
4.578719735e-01
1.199503615e-01
7.750929594e-01
1.045430228e-01
-1.561528742e-01
5.614697561e-02
6.243279204e-02
3.892006353e-02
5.156258494e-02
1.620133370e-01
-5.603354573e-01
-8.077035844e-02
-1.784604192e-01
-5.855732784e-02
-3.969988227e-01
-3.090919368e-02
1.257162988e-01
-2.990724444e-01
2.043598741e-01
-3.068233728e-01
-3.285637796e-01
7.939976454e-01
-5.694097281e-01
-2.675015852e-02
1.056773067e-01
2.599397004e-01
-6.200743318e-01
1.724109203e-01
3.157676663e-03
-4.948306829e-02
-1.343179345e-01
-3.113605082e-01
-1.346960366e-01
5.298043787e-02
-8.899389952e-02
7.008919865e-02
2.956223302e-02
2.776628733e-02
1.577597708e-01
-3.419861197e-01
2.792225182e-01
6.200743318e-01
-3.132509887e-01
-3.497370705e-02
2.984580398e-02
-1.334672272e-01
-3.650498688e-01
2.930229343e-02
-1.390677411e-02
8.303891867e-02
-1.737342477e-01
-2.656111121e-02
3.433094621e-01
7.145978510e-02
-3.089028895e-01
2.249660045e-01
6.291486025e-01
-1.859750412e-02
1.590358466e-02
-3.713002428e-03
-2.459974773e-02
-5.520174280e-02
-1.800673306e-01
-6.711170822e-02
2.584627829e-03
8.426772803e-02
-3.684527278e-01
-9.369645268e-03
1.243929639e-01
1.290246248e-01
9.764280915e-02
-3.680746257e-01
7.873810083e-02
-2.270455211e-01
8.526022732e-02
-3.578660786e-01
-7.490044236e-01
5.769716501e-01
