1.688232422e-01
-2.231445312e-01
-5.468750000e-02
-1.243896484e-01
1.047973633e-01
-1.047973633e-01
9.008789062e-02
-6.008148193e-03
-9.124755859e-02
-5.927734375e-01
1.807861328e-01
-1.422119141e-02
-1.846313477e-02
-1.175537109e-01
1.290283203e-01
-1.100158691e-02
5.847167969e-02
1.956939697e-03
-6.927490234e-02
5.749511719e-02
7.495880127e-03
5.813598633e-02
1.115112305e-01
-1.195068359e-01
1.291503906e-01
9.283447266e-02
3.047180176e-02
-7.611083984e-02
1.120605469e-01
-1.988525391e-01
2.517089844e-01
4.070281982e-03
1.837158203e-01
-1.190185547e-01
-3.820800781e-02
1.978759766e-01
-1.827239990e-03
6.311035156e-02
2.316284180e-02
4.916381836e-02
1.015472412e-02
2.218017578e-01
-1.271972656e-01
4.016113281e-02
-8.850097656e-02
-1.179809570e-01
6.640625000e-02
-3.781127930e-02
-7.086181641e-02
1.010742188e-01
-1.121826172e-01
-5.395507812e-02
9.295654297e-02
-1.097412109e-01
-1.285400391e-01
-4.092407227e-02
1.654052734e-01
1.370849609e-01
5.630493164e-02
-9.722900391e-02
1.254272461e-02
3.723144531e-01
-1.026611328e-01
3.787231445e-02
1.070556641e-01
-7.635498047e-02
6.835937500e-02
-1.463623047e-01
4.519653320e-02
-1.158447266e-01
-4.357910156e-02
-5.392456055e-02
4.748535156e-02
1.233520508e-01
1.384277344e-01
1.099853516e-01
-4.623413086e-02
-1.593017578e-01
-8.959960938e-02
9.606933594e-02
-1.079711914e-01
-3.387451172e-02
-7.684326172e-02
1.026916504e-02
2.349853516e-02
1.008911133e-01
1.846313477e-03
-7.354736328e-02
3.505859375e-01
-5.819702148e-02
1.012573242e-01
-7.373046875e-02
1.298828125e-01
3.903198242e-02
-1.034545898e-01
1.551513672e-01
-1.500244141e-01
-3.271484375e-01
2.292480469e-01
-2.028808594e-01
-1.187744141e-01
-2.546386719e-01
-4.486083984e-02
2.049255371e-02
-1.932373047e-01
1.339912415e-03
3.627929688e-01
-3.111267090e-02
1.497650146e-02
1.441650391e-01
2.081298828e-02
-8.142089844e-02
8.148193359e-03
-2.631835938e-01
-5.405273438e-01
1.332092285e-02
2.172851562e-01
-5.706787109e-03
-3.698730469e-02
-8.404541016e-02
-2.387695312e-01
3.094482422e-02
2.092285156e-01
-5.453491211e-02
-1.198120117e-01
2.276611328e-01
-1.167602539e-01
-2.584457397e-03
-1.011962891e-01
-1.934814453e-01
4.763793945e-02
1.531982422e-01
1.378173828e-01
5.294799805e-02
2.404785156e-01
-4.043579102e-02
2.163085938e-01
-8.386230469e-02
-2.348327637e-02
-4.072265625e-01
1.588134766e-01
9.582519531e-02
1.174926758e-01
-4.560546875e-01
1.543998718e-03
-1.612548828e-01
-7.232666016e-02
-1.297607422e-01
6.268310547e-02
-1.883544922e-01
8.343505859e-02
-3.540039062e-01
1.689453125e-01
1.082611084e-02
1.843261719e-01
2.832031250e-01
-3.540039062e-02
2.585449219e-01
-1.959228516e-01
7.141113281e-02
3.451538086e-02
-1.253662109e-01
3.376464844e-01
3.503417969e-02
-1.867675781e-01
-4.062652588e-03
-5.899047852e-02
6.311035156e-02
4.083251953e-02
-2.972412109e-02
1.049041748e-02
2.910156250e-01
-7.183837891e-02
6.372070312e-02
1.263427734e-01
-9.271240234e-02
5.197143555e-02
7.794189453e-02
1.247558594e-01
1.914062500e-01
1.593017578e-01
1.612548828e-01
2.133789062e-01
-3.280639648e-02
-2.734375000e-01
6.427764893e-03
6.011962891e-02
-3.042602539e-02
1.040649414e-02
-1.793212891e-01
4.248046875e-01
-3.213500977e-02
-9.780273438e-01
1.199340820e-01
2.211914062e-01
1.549072266e-01
1.289062500e-01
7.958984375e-02
-2.521972656e-01
-1.619873047e-01
1.207275391e-01
2.754211426e-02
8.117675781e-02
-2.655029297e-02
8.941650391e-02
3.482055664e-02
-5.209350586e-02
6.994628906e-02
3.789062500e-01
-4.840087891e-02
-1.853942871e-02
5.950927734e-02
-1.394042969e-01
-2.937011719e-01
2.631835938e-01
1.063232422e-01
9.887695312e-03
-3.176269531e-01
7.763671875e-02
-2.239990234e-02
-2.042236328e-01
2.475585938e-01
-2.976074219e-01
3.510742188e-01
-8.612060547e-02
7.025146484e-02
7.824707031e-02
9.167480469e-02
4.433593750e-01
1.071777344e-01
-5.838012695e-02
2.242431641e-01
1.286621094e-01
2.481689453e-01
-3.354492188e-01
-3.958129883e-02
5.883789062e-02
-6.298828125e-02
-3.593750000e-01
4.250488281e-01
9.747314453e-02
-1.434326172e-01
2.375488281e-01
5.233764648e-02
5.087280273e-02
-1.829528809e-02
-1.978759766e-01
2.286376953e-01
-1.417236328e-01
-8.338928223e-03
1.628417969e-01
5.020141602e-02
1.374511719e-01
6.229400635e-03
1.038818359e-01
4.183959961e-02
-2.041015625e-01
2.529907227e-02
4.039764404e-03
2.060546875e-01
-1.791381836e-02
-2.800292969e-01
-1.832275391e-01
1.422119141e-01
-6.416320801e-03
1.552734375e-01
-4.791259766e-02
-5.108642578e-02
1.084594727e-01
-2.301025391e-02
1.063232422e-01
1.358795166e-02
5.932617188e-02
-2.462158203e-01
8.154296875e-02
-7.354736328e-03
1.828613281e-01
-1.365966797e-01
1.439208984e-01
3.669433594e-01
1.616210938e-01
5.139160156e-02
2.961425781e-01
-7.055664062e-02
-1.746826172e-01
-5.636596680e-02
-3.161621094e-02
1.007690430e-01
-1.038818359e-01
1.008911133e-01
1.004638672e-01
-1.336669922e-02
-3.229141235e-03
-1.136474609e-01
2.451171875e-01
1.254882812e-01
-8.685302734e-02
2.371826172e-01
-2.157592773e-02
-1.748046875e-01
-1.317138672e-01
2.268066406e-01
1.049804688e-01
-8.465576172e-02
-3.836059570e-02
-7.794189453e-02
-1.148681641e-01
-5.063476562e-01
5.261230469e-02
-5.184936523e-02
-6.475830078e-02
2.432861328e-01
1.902770996e-02
-3.337402344e-01
7.257080078e-02
-2.624511719e-02
-4.214477539e-02
-1.696777344e-02
7.171630859e-02
9.326171875e-02
7.159423828e-02
1.406250000e-01
-4.244995117e-02
-7.419586182e-03
2.277832031e-01
7.043457031e-02
1.801757812e-01
-1.993408203e-01
-2.255249023e-02
-2.980957031e-01
-3.212890625e-01
1.840820312e-01
-3.503417969e-01
-1.578369141e-01
-7.972717285e-03
1.798629761e-03
-1.430664062e-01
7.739257812e-02
4.345703125e-02
-1.683349609e-01
1.627197266e-01
-7.653808594e-02
1.024780273e-01
-7.827758789e-03
-9.112548828e-02
2.021789551e-02
1.086425781e-01
-1.662597656e-01
5.328369141e-02
6.762695312e-02
-4.339599609e-02
8.306884766e-02
1.507568359e-01
-7.470703125e-02
-3.671264648e-02
7.891845703e-02
-1.108398438e-01
-8.886718750e-02
-1.094360352e-01
-7.556152344e-02
2.311706543e-02
-1.812744141e-02
-4.940795898e-02
3.828125000e-01
-1.590728760e-03
-2.585449219e-01
-3.171386719e-01
1.467285156e-01
7.421875000e-02
-7.409667969e-02
1.596679688e-01
-3.032684326e-03
1.316070557e-02
2.819824219e-02
4.158020020e-03
1.832580566e-02
1.617431641e-01
1.186370850e-02
-1.918945312e-01
-8.422851562e-02
-5.319213867e-02
-1.765136719e-01
-1.671142578e-01
-4.000854492e-02
-6.231689453e-02
-3.098144531e-01
3.472900391e-02
8.331298828e-03
-3.458023071e-03
-7.446289062e-02
-1.359558105e-02
-8.177757263e-04
7.116699219e-02
-7.402343750e-01
-4.687500000e-02
-3.277587891e-02
6.359863281e-02
3.417968750e-02
6.829833984e-02
-1.046142578e-01
2.944335938e-01
7.702636719e-02
7.299804688e-02
2.093505859e-01
-1.672363281e-01
5.477905273e-02
-5.993652344e-02
2.722167969e-02
1.215820312e-01
-6.252288818e-03
-1.075744629e-02
1.362304688e-01
7.928466797e-02
-1.690673828e-02
-5.618286133e-02
1.822509766e-01
1.605224609e-01
-1.216430664e-01
8.911132812e-02
-3.344726562e-02
5.761718750e-02
1.253662109e-01
-4.916381836e-02
5.322265625e-02
1.893310547e-01
1.849365234e-01
-1.120567322e-03
8.062744141e-02
3.027343750e-02
-2.540588379e-03
6.584167480e-03
-1.579589844e-01
6.439208984e-02
1.292724609e-01
-1.782226562e-01
-7.080078125e-02
-3.543090820e-02
3.100585938e-01
7.092285156e-02
2.285156250e-01
1.812744141e-01
2.489013672e-01
-5.789184570e-02
-1.601562500e-01
-1.062011719e-01
-8.117675781e-02
-8.294677734e-02
1.788330078e-01
1.247558594e-01
-5.957031250e-01
3.274536133e-02
-9.283447266e-02
-3.108215332e-02
1.574707031e-02
-3.805541992e-02
2.609863281e-01
1.006469727e-01
1.538085938e-01
3.569335938e-01
3.738403320e-02
-1.071929932e-02
1.734619141e-01
-1.383056641e-01
-5.302429199e-03
-6.842041016e-02
4.949951172e-02
-4.968261719e-02
-1.098632812e-02
3.335571289e-02
2.110595703e-01
5.508422852e-02
1.350097656e-01
-2.271728516e-01
2.036132812e-01
9.075927734e-02
3.139495850e-03
3.339843750e-01
7.678222656e-02
-1.556396484e-01
1.178588867e-01
-1.178741455e-03
-2.883300781e-01
1.837158203e-01
2.473144531e-01
-1.354980469e-02
-1.767578125e-01
3.129882812e-01
-7.458496094e-02
1.146850586e-01
8.343505859e-02
2.507324219e-01
5.447387695e-02
2.056884766e-01
4.895019531e-01
8.447265625e-02
-2.072753906e-01
3.698730469e-02
3.137207031e-02
-4.792480469e-01
7.993164062e-01
1.466064453e-01
2.905273438e-01
7.073974609e-02
-1.964111328e-01
2.819824219e-02
8.020019531e-02
4.204101562e-01
1.298828125e-01
6.201171875e-02
3.129882812e-01
7.556152344e-02
-1.454162598e-02
-1.050415039e-01
1.750183105e-02
3.027343750e-02
1.401367188e-01
1.817626953e-01
5.236816406e-02
6.835937500e-02
-1.333618164e-02
8.380126953e-02
-1.441955566e-02
2.644348145e-02
-1.993408203e-01
7.720947266e-02
-3.149414062e-02
-1.480712891e-01
-2.985839844e-01
3.022460938e-01
1.044921875e-01
9.033203125e-02
-3.903198242e-02
-1.381683350e-02
2.651367188e-01
-4.092407227e-02
-9.936523438e-02
1.222534180e-01
1.773681641e-01
1.556396484e-01
3.683471680e-02
-1.826477051e-02
1.798095703e-01
-1.651000977e-02
1.394042969e-01
-1.041870117e-01
2.236328125e-01
1.572608948e-03
6.134033203e-02
-7.269287109e-02
1.568603516e-01
-1.727294922e-02
-1.233520508e-01
1.541137695e-02
-1.268005371e-02
-3.612518311e-03
1.885986328e-01
-7.128906250e-02
6.817626953e-02
-4.891967773e-02
-7.812500000e-02
-9.680175781e-02
1.055908203e-02
1.939697266e-01
4.092407227e-02
1.132202148e-01
5.151367188e-02
2.358398438e-01
6.719970703e-02
1.542968750e-01
-2.087402344e-02
8.532714844e-02
-7.299804688e-02
1.809692383e-02
-1.599121094e-01
6.343841553e-03
4.177856445e-02
-1.130859375e+00
9.497070312e-02
2.318115234e-01
2.086181641e-01
-3.143310547e-02
3.863525391e-02
1.991271973e-02
2.457275391e-01
6.719970703e-02
6.860351562e-02
-3.417968750e-02
1.348876953e-02
1.323242188e-01
-2.256774902e-02
-3.171920776e-03
2.670898438e-01
1.879882812e-01
-2.523422241e-03
2.220458984e-01
1.953125000e-02
4.711914062e-02
-2.312011719e-01
1.441650391e-01
1.333007812e-01
1.146240234e-01
3.201293945e-02
3.591308594e-01
-4.077148438e-02
-6.463623047e-02
2.772521973e-02
-1.406250000e-01
3.034973145e-02
-2.104187012e-02
-4.742431641e-02
-2.896118164e-02
2.227783203e-01
2.895507812e-01
1.905517578e-01
-1.107177734e-01
9.222412109e-02
3.643798828e-02
2.204589844e-01
-2.452392578e-01
1.138687134e-03
3.396606445e-02
-7.128906250e-02
7.147216797e-02
5.971679688e-01
2.534179688e-01
-6.616210938e-02
1.608276367e-02
-5.691528320e-02
-3.646850586e-02
3.449707031e-01
-1.389160156e-01
4.666137695e-02
1.866149902e-02
8.567810059e-03
2.767944336e-02
6.192016602e-02
1.264648438e-01
1.965332031e-01
1.590576172e-01
3.759765625e-01
1.488037109e-01
1.430664062e-01
-1.332092285e-02
1.138916016e-01
2.167968750e-01
1.192626953e-01
-1.260986328e-01
1.828613281e-01
-4.278564453e-02
3.604125977e-02
1.954345703e-01
6.530761719e-02
4.766845703e-02
9.448242188e-02
-4.519653320e-02
5.813598633e-02
-3.615722656e-01
-4.919433594e-02
-1.641845703e-02
4.248046875e-02
-1.684188843e-03
-7.476806641e-02
9.558105469e-02
1.209716797e-01
-1.877441406e-01
1.662597656e-01
5.017089844e-02
1.556396484e-02
-1.347656250e-01
-9.698486328e-02
2.578125000e-01
8.422851562e-02
2.072753906e-01
3.680419922e-02
-2.178955078e-02
1.149291992e-01
6.335449219e-02
2.316894531e-01
-6.982421875e-02
1.934814453e-01
1.700439453e-01
1.800537109e-01
5.047607422e-02
-5.297851562e-02
-6.298828125e-02
4.592285156e-01
5.755615234e-02
-7.830810547e-02
-3.259277344e-02
-8.148193359e-03
5.981445312e-02
-1.607666016e-01
-1.813964844e-01
-3.396606445e-02
6.970214844e-02
-4.913330078e-02
1.429443359e-01
-6.726074219e-02
1.931762695e-02
6.640625000e-02
-1.966857910e-02
3.799438477e-02
-9.954833984e-02
1.280517578e-01
4.580688477e-02
4.010009766e-02
1.020507812e-01
9.399414062e-02
8.374023438e-02
2.882385254e-02
4.641723633e-02
-1.491699219e-01
-1.352539062e-01
-2.408447266e-01
-1.950683594e-01
1.900634766e-01
-2.841796875e-01
2.573242188e-01
1.099853516e-01
9.985351562e-02
3.688964844e-01
8.245849609e-02
1.082763672e-01
-2.042236328e-01
-9.223937988e-03
8.068847656e-02
-9.350585938e-02
1.400146484e-01
2.580261230e-02
1.093292236e-02
-8.502197266e-02
-6.732177734e-02
2.113037109e-01
-5.389404297e-02
1.248168945e-01
9.625244141e-02
4.602050781e-02
-9.497070312e-02
-2.593994141e-02
8.735656738e-03
1.389160156e-01
4.833984375e-02
1.502685547e-01
-5.865478516e-02
1.416015625e-01
-6.762695312e-02
8.532714844e-02
-6.976318359e-02
-9.490966797e-02
-1.931152344e-01
8.651733398e-03
3.999023438e-01
5.044555664e-02
2.227783203e-01
1.284179688e-01
-1.096191406e-01
-5.593872070e-02
-9.454345703e-02
1.805419922e-01
5.410766602e-02
1.286621094e-01
-1.966476440e-03
-9.307861328e-02
-1.510009766e-01
-2.699279785e-02
4.101562500e-02
-5.966186523e-02
-1.366424561e-02
-1.481933594e-01
-1.188964844e-01
-2.810668945e-02
-4.064941406e-02
2.166748047e-01
9.869384766e-02
6.945800781e-02
1.414794922e-01
-5.480957031e-02
-1.358642578e-01
-7.952880859e-02
6.843566895e-03
-1.947021484e-01
-1.206207275e-02
8.190917969e-02
-9.149169922e-02
-3.051757812e-01
-1.823730469e-01
2.925109863e-02
-3.007812500e-01
3.725585938e-01
-6.384277344e-02
-8.105468750e-02
1.029052734e-01
-2.344970703e-01
1.676025391e-01
-2.413940430e-02
-3.071289062e-01
3.913574219e-01
1.358642578e-01
6.756591797e-02
-1.568603516e-01
-4.101562500e-02
-7.965087891e-02
-2.102050781e-01
2.714843750e-01
7.690429688e-02
-2.066650391e-01
1.033935547e-01
-2.571105957e-02
-1.865234375e-01
2.199707031e-01
-5.263671875e-01
2.014160156e-01
1.744079590e-02
2.224121094e-01
1.165771484e-01
-3.442382812e-02
-1.695556641e-01
2.189636230e-02
9.515380859e-02
9.649658203e-02
1.776123047e-01
9.197998047e-02
-5.687713623e-03
5.761718750e-02
-1.105957031e-01
1.611328125e-01
-9.773254395e-03
2.000732422e-01
-1.130981445e-01
8.428955078e-02
3.256835938e-01
-3.076171875e-01
1.279296875e-01
-1.386718750e-01
-1.254272461e-02
2.138671875e-01
4.586791992e-02
-1.085815430e-01
1.509094238e-02
3.112792969e-02
-4.876708984e-02
-2.683105469e-01
2.812500000e-01
-4.986572266e-02
-4.620361328e-02
8.416748047e-02
-5.883789062e-02
-8.605957031e-02
-1.523437500e-01
1.317138672e-01
4.708862305e-02
1.408386230e-02
2.990722656e-01
-1.172851562e+00
-6.100463867e-02
3.274536133e-02
-4.919433594e-02
-2.426147461e-02
2.153320312e-01
1.110839844e-01
1.583251953e-01
1.034545898e-01
1.094818115e-02
7.916259766e-02
1.660156250e-02
-4.357910156e-01
-2.044677734e-02
9.692382812e-02
3.713989258e-02
-3.497314453e-02
-2.714843750e-01
1.330566406e-01
1.735839844e-01
1.474609375e-01
-1.013671875e+00
-3.186035156e-02
-3.835678101e-03
-4.580078125e-01
8.361816406e-02
-1.715087891e-01
-6.063842773e-02
-1.826171875e-01
-2.700195312e-01
-5.321502686e-03
-2.407226562e-01
-6.835937500e-02
8.689880371e-03
1.782226562e-01
2.863769531e-01
2.648925781e-02
2.963867188e-01
-1.229248047e-01
6.262207031e-02
-1.791992188e-01
-6.097412109e-02
1.589965820e-02
-5.584716797e-03
-2.629394531e-01
-6.335449219e-02
-1.511230469e-01
1.503906250e-01
-8.825683594e-02
-1.573486328e-01
-9.094238281e-03
-5.374908447e-03
-7.580566406e-02
-1.080932617e-01
2.514648438e-01
-4.287719727e-02
-1.673583984e-01
1.231079102e-01
3.310546875e-01
-1.405029297e-01
1.763916016e-02
8.905029297e-02
-4.829101562e-01
-1.646728516e-01
2.720642090e-02
-1.374511719e-01
-1.964111328e-01
-1.711425781e-01
-1.522216797e-01
1.121215820e-01
8.465576172e-02
-3.735351562e-02
-2.849121094e-01
1.375579834e-02
-1.204223633e-01
-2.734661102e-04
-2.800292969e-01
2.148437500e-01
5.020141602e-02
-8.245849609e-02
-2.717285156e-01
-2.780151367e-02
2.186584473e-02
-2.573242188e-01
6.280517578e-02
-1.100463867e-01
1.937255859e-01
6.726074219e-02
-3.887939453e-02
-1.187133789e-01
3.784179688e-02
-6.585693359e-02
1.629638672e-01
6.524658203e-02
1.164550781e-01
1.347656250e-01
2.329101562e-01
3.276367188e-01
-1.147460938e-01
-1.349609375e+00
-8.935546875e-02
1.544952393e-02
-2.212524414e-02
7.482910156e-02
-7.836914062e-02
-1.727294922e-01
1.904296875e-01
-3.198242188e-01
5.770874023e-02
-1.958007812e-01
-6.878662109e-02
1.489257812e-02
9.826660156e-03
1.737060547e-01
2.176513672e-01
-1.015625000e-01
-1.162719727e-01
-2.371826172e-01
7.684326172e-02
-2.187500000e-01
1.475830078e-01
-4.598999023e-02
-1.180419922e-01
3.171386719e-01
-8.288574219e-02
-3.108215332e-02
-8.166503906e-02
1.021118164e-01
1.323242188e-01
-3.315429688e-01
1.678466797e-01
3.093261719e-01
-1.146240234e-01
-5.146026611e-03
-2.167968750e-01
-1.110229492e-01
1.838378906e-01
1.960754395e-03
-9.649658203e-02
4.132080078e-02
1.895427704e-04
-9.472656250e-02
8.294677734e-02
3.508300781e-01
1.656494141e-01
-9.411621094e-02
-1.431884766e-01
-2.763366699e-02
2.773437500e-01
1.131591797e-01
-1.531982422e-02
1.201171875e-01
-6.823730469e-02
-1.857910156e-01
6.821289062e-01
8.612060547e-02
-2.922058105e-03
-1.717529297e-01
2.014160156e-02
9.283447266e-02
1.796875000e-01
-7.611083984e-02
1.882324219e-01
6.689453125e-02
4.233398438e-01
6.536865234e-02
7.794189453e-02
5.108642578e-02
1.713867188e-01
4.150390625e-03
-2.159423828e-01
1.757812500e-01
-3.188476562e-01
-1.298828125e-01
-5.361938477e-02
-8.074951172e-02
-6.000518799e-03
1.535644531e-01
-3.591918945e-02
4.415893555e-02
1.746826172e-01
4.705810547e-02
-8.277893066e-03
-1.953125000e-01
6.365966797e-02
-8.441162109e-02
-1.634521484e-01
-7.080078125e-02
-9.722900391e-02
-2.015380859e-01
-1.039428711e-01
3.344726562e-02
1.251220703e-01
-7.633209229e-03
5.058593750e-01
1.081085205e-02
-3.253173828e-02
8.193969727e-03
7.415771484e-02
-1.864257812e+00
8.612060547e-02
3.707885742e-02
3.154296875e-01
9.118652344e-02
2.031250000e-01
9.857177734e-02
-3.054809570e-02
2.392578125e-01
-4.516601562e-02
-1.800537109e-01
1.273193359e-01
1.499023438e-01
-1.395263672e-01
-1.859130859e-01
2.413330078e-01
-4.055786133e-02
4.129028320e-02
3.355026245e-03
-2.734375000e-02
-4.604339600e-03
-6.146240234e-02
2.812500000e-01
-2.474365234e-01
3.823242188e-01
5.471801758e-02
1.007080078e-01
1.254882812e-01
-1.645507812e-01
4.650878906e-02
1.165161133e-01
1.053466797e-01
2.653121948e-03
4.052734375e-02
-1.870117188e-01
3.240966797e-02
1.693115234e-01
-1.481933594e-01
-1.548767090e-02
-1.165161133e-01
-1.779785156e-01
1.483154297e-01
9.667968750e-02
2.115478516e-01
-2.336425781e-01
1.972961426e-02
4.541015625e-02
-1.657714844e-01
-2.812500000e-01
6.179809570e-02
-7.684326172e-02
1.030273438e-01
-6.927490234e-02
-1.496582031e-01
-1.450347900e-02
-7.141113281e-02
5.880737305e-02
-1.179809570e-01
1.384277344e-01
1.562500000e-01
1.149749756e-02
-1.300048828e-01
1.638183594e-01
2.344970703e-01
-1.770019531e-01
1.613769531e-01
1.145019531e-01
1.116943359e-01
1.783752441e-02
-7.763671875e-02
-1.883544922e-01
5.010986328e-02
3.698730469e-02
-8.984375000e-02
-6.076049805e-02
-3.820800781e-01
-2.409362793e-02
-1.267089844e-01
6.866455078e-02
1.246948242e-01
-4.818725586e-02
8.105468750e-02
8.740234375e-02
1.213989258e-01
-1.501464844e-01
-1.171875000e-02
2.135009766e-01
1.033782959e-02
-1.617431641e-02
-1.035156250e-01
4.371643066e-03
-2.180175781e-01
5.267333984e-02
2.827453613e-02
-9.600830078e-02
9.521484375e-02
-1.975097656e-01
-1.530761719e-01
-6.884765625e-02
-6.683349609e-03
4.560546875e-01
3.054809570e-02
-2.609863281e-01
-8.642578125e-02
1.596679688e-01
1.293945312e-01
-1.623535156e-02
-2.677917480e-02
-5.364990234e-02
-4.958496094e-01
8.123779297e-02
1.102905273e-01
3.537597656e-01
1.672363281e-01
2.293701172e-01
6.945800781e-02
3.244628906e-01
3.688964844e-01
1.373291016e-01
2.169189453e-01
8.410644531e-02
4.146575928e-03
1.446533203e-01
-1.093139648e-01
2.534179688e-01
1.704101562e-01
7.812500000e-02
4.943847656e-02
1.340332031e-01
-2.810668945e-02
4.050292969e-01
7.598876953e-02
2.269287109e-01
-2.586364746e-02
7.489013672e-02
1.601562500e-01
2.104492188e-01
1.157226562e-01
1.531982422e-01
2.084350586e-02
2.312011719e-01
2.555847168e-02
5.465698242e-02
1.540527344e-01
6.909179688e-02
2.385253906e-01
8.972167969e-02
7.781982422e-02
1.562500000e-01
3.805541992e-02
7.598876953e-02
-2.188110352e-02
1.179809570e-01
7.250976562e-01
-2.001953125e-02
1.959228516e-01
1.151123047e-01
3.234863281e-01
6.536865234e-02
1.972961426e-02
1.643066406e-01
9.746093750e-01
2.220458984e-01
1.600341797e-01
-6.787109375e-02
3.601074219e-01
1.181030273e-01
-2.091064453e-01
2.313232422e-01
9.448242188e-02
1.962890625e-01
1.652832031e-01
1.153564453e-01
1.000976562e-01
3.939819336e-02
9.436035156e-02
1.234130859e-01
9.173583984e-02
2.912597656e-01
-1.310348511e-03
2.005615234e-01
1.741943359e-01
2.656555176e-02
8.666992188e-02
7.770538330e-03
1.031494141e-01
-1.939392090e-02
9.729003906e-02
-1.192626953e-01
4.925537109e-02
3.422851562e-01
3.125000000e-01
3.271484375e-01
1.651611328e-01
3.063964844e-02
9.832763672e-02
-8.422851562e-03
-1.242675781e-01
3.610839844e-01
3.598632812e-01
2.019042969e-01
-3.361701965e-04
2.366943359e-01
1.694335938e-01
-3.105163574e-02
2.039794922e-01
3.225097656e-01
1.683349609e-01
1.244506836e-01
3.920898438e-01
1.015014648e-01
3.769531250e-01
8.685302734e-02
-8.465576172e-02
-6.718750000e-01
3.735351562e-01
2.890625000e-01
6.333007812e-01
1.181030273e-02
2.089843750e-01
1.522216797e-01
6.256103516e-02
4.777832031e-01
1.711425781e-01
-2.761230469e-01
7.287597656e-02
1.455078125e-01
2.573242188e-01
2.279052734e-01
-1.817321777e-02
1.759338379e-02
1.742553711e-02
1.068725586e-01
1.050567627e-02
1.662597656e-01
3.884887695e-02
2.565917969e-01
-1.191406250e-01
4.193115234e-02
-1.276855469e-01
5.819702148e-02
2.379150391e-01
4.550781250e-01
-2.036132812e-01
7.695312500e-01
-2.477645874e-03
6.921386719e-02
2.056884766e-02
7.562255859e-02
1.855468750e-01
1.265869141e-01
-1.326904297e-01
8.074951172e-02
2.790832520e-02
2.778320312e-01
1.524658203e-01
1.157836914e-01
-1.562500000e-01
3.665161133e-02
3.632812500e-01
2.995605469e-01
1.694335938e-01
5.883789062e-01
8.831787109e-02
1.170043945e-01
2.175292969e-01
1.898193359e-01
8.532714844e-02
1.298828125e-01
-5.102539062e-02
3.398437500e-01
2.330322266e-01
3.778076172e-02
2.727050781e-01
3.168945312e-01
-1.170349121e-02
1.728515625e-01
6.210327148e-02
2.099609375e-01
2.099609375e-01
5.947875977e-02
3.432617188e-01
2.432861328e-01
2.519226074e-02
-2.590332031e-01
-2.215576172e-02
1.207885742e-01
-1.087646484e-01
-6.250000000e-02
-6.039428711e-02
3.134765625e-01
1.419677734e-01
-8.115234375e-01
6.536865234e-02
2.291259766e-01
1.351318359e-01
1.524658203e-01
7.012939453e-02
1.743164062e-01
1.971435547e-01
2.735900879e-02
2.548828125e-01
3.437500000e-01
2.702636719e-01
1.126098633e-01
1.412200928e-02
2.147216797e-01
3.632812500e-01
5.527343750e-01
4.592895508e-02
1.387939453e-01
7.519531250e-02
3.961181641e-02
-2.023925781e-01
2.186584473e-02
6.469726562e-02
2.526855469e-01
-7.910156250e-02
2.280273438e-01
2.395019531e-01
-7.604980469e-02
4.252929688e-01
-1.194458008e-01
3.513183594e-01
4.153442383e-02
2.382812500e-01
1.638183594e-01
2.819824219e-01
1.433105469e-01
1.657714844e-01
1.340332031e-01
4.217529297e-02
4.817962646e-03
3.571777344e-01
-1.149291992e-01
1.345214844e-01
5.938720703e-02
6.286621094e-02
-9.924316406e-02
-2.905273438e-01
6.213378906e-02
9.631347656e-02
3.593750000e-01
2.158203125e-01
1.117553711e-01
6.704101562e-01
1.402587891e-01
2.735900879e-02
1.837158203e-01
1.439208984e-01
2.021484375e-01
8.984375000e-02
2.213134766e-01
7.904052734e-02
1.616210938e-01
2.209472656e-01
8.160400391e-02
3.642578125e-01
1.799316406e-01
1.840820312e-01
2.058105469e-01
1.134033203e-01
2.897644043e-02
1.820068359e-01
7.348632812e-02
2.060546875e-01
-9.179687500e-02
3.080749512e-02
6.854248047e-02
2.534179688e-01
1.557922363e-02
1.591796875e-01
1.383056641e-01
1.535644531e-01
1.312255859e-01
5.667114258e-02
2.176513672e-01
2.873535156e-01
1.313476562e-01
4.409179688e-01
3.830566406e-01
1.450195312e-01
3.515625000e-01
1.213836670e-02
3.161621094e-02
2.850341797e-02
1.754150391e-01
1.424560547e-01
2.021484375e-01
5.187988281e-02
1.088256836e-01
1.473388672e-01
1.231079102e-01
8.441162109e-02
-2.592468262e-02
2.034912109e-01
-2.589416504e-02
3.022460938e-01
-2.656555176e-02
3.203125000e-01
3.557128906e-01
3.220214844e-01
1.065063477e-01
1.197052002e-02
4.992675781e-02
-6.173706055e-02
-3.159179688e-01
-1.527099609e-01
1.993408203e-01
2.004394531e-01
8.831787109e-02
2.695312500e-01
2.185058594e-01
-2.556152344e-01
1.092529297e-01
1.507568359e-01
2.717285156e-01
8.068847656e-02
1.577148438e-01
1.102294922e-01
2.337646484e-01
3.442382812e-01
1.156005859e-01
1.195678711e-01
4.921875000e-01
8.258056641e-02
1.389160156e-01
-5.044555664e-02
-1.931152344e-01
5.001831055e-02
4.614257812e-02
2.208251953e-01
-1.495361328e-01
6.831054688e-01
2.089843750e-01
2.761230469e-01
-6.774902344e-02
2.226562500e-01
-6.439208984e-02
-3.479003906e-02
9.033203125e-02
1.173095703e-01
-1.358642578e-01
-1.845703125e-01
1.403808594e-01
4.989624023e-02
4.680156708e-04
5.024414062e-01
1.047973633e-01
3.315429688e-01
1.547851562e-01
2.751464844e-01
1.014404297e-01
-1.384735107e-02
2.648925781e-01
8.374023438e-02
1.391601562e-01
8.569335938e-02
1.444091797e-01
-8.605957031e-02
2.525329590e-02
1.007690430e-01
5.435180664e-02
2.570800781e-01
2.347412109e-01
-1.785888672e-01
-1.221923828e-01
2.458496094e-01
-5.773925781e-02
3.037109375e-01
9.637451172e-02
1.094360352e-01
1.166992188e-01
1.044311523e-01
1.529541016e-01
5.746459961e-02
1.927490234e-01
8.801269531e-02
-1.314544678e-02
-2.609863281e-01
3.692626953e-02
1.126861572e-02
-1.108398438e-01
1.688232422e-01
