-1.965109110e-01
-1.162636995e+00
1.659737527e-01
1.066548347e+00
-7.749877870e-02
-1.013784647e+00
-1.029332161e+00
1.265590906e+00
2.127346545e-01
1.288058162e-01
4.521153271e-01
-1.207920790e+00
-2.847385406e-01
-9.802613854e-01
4.973735511e-01
-1.153528452e+00
-9.476457834e-01
-2.851665914e-01
1.937766075e-01
-7.303143740e-01
-9.965835214e-01
1.705872774e+00
2.425345033e-01
3.204241097e-01
-1.951402903e+00
-4.100596905e-02
-3.792384267e-02
2.795013487e-01
4.625933245e-03
-8.017838001e-02
6.497253180e-01
-3.989190161e-01
3.588222265e-01
-7.043274045e-01
-2.200542092e-01
5.029274225e-01
9.009454846e-01
6.620920897e-01
-6.975513697e-01
-8.832990527e-01
-4.934906960e-02
3.865299225e-01
2.236557305e-01
-3.178950250e-01
1.148086507e-02
1.520399809e+00
1.119385362e-01
-5.253518224e-01
1.974270940e-01
1.071944237e+00
-4.906468689e-01
-9.615641832e-02
8.787051439e-01
-1.177443862e-01
-9.995524883e-01
-2.549430132e-01
1.364873648e+00
5.829284191e-01
8.196332455e-01
-1.182170868e+00
5.761293322e-02
-9.346613884e-01
7.953853905e-02
6.565921307e-01
-3.061020374e-01
-1.168091059e+00
1.573175907e+00
7.324128151e-01
-9.904431701e-01
1.103701472e+00
-2.031083107e-01
-4.082285464e-01
1.111662626e+00
2.342844754e-01
1.290610671e+00
-7.119572163e-01
4.338173568e-01
1.280088425e+00
-4.179200530e-01
-2.036584020e-01
-1.998955011e-02
-7.826590538e-02
-3.505770564e-01
-2.855380476e-01
1.683240011e-02
1.417996287e+00
-8.677138090e-01
-6.789547801e-01
-2.742013335e-01
-3.083535731e-01
-2.226413339e-01
3.206154704e-02
-8.946195245e-01
5.306115150e-01
-5.356321931e-01
-5.417985916e-01
-4.460206628e-01
-8.529886603e-01
-2.747456133e-01
-1.036216170e-01
-1.061430693e+00
3.906628788e-01
3.383196294e-01
6.549860239e-01
4.680549502e-01
-6.497961879e-01
1.095902205e+00
1.009768471e-01
-1.644504368e-01
-3.583178818e-01
1.339525878e-01
1.044959307e+00
-9.508215189e-01
3.643758595e-01
-1.656001806e+00
-4.343190789e-01
5.372815132e-01
7.809036970e-01
-1.920464337e-01
1.070019007e+00
-1.223172992e-01
-2.469054461e-01
1.995696425e-01
2.913653553e-01
-1.090706944e+00
-5.903057754e-02
-7.151125669e-01
5.897175074e-01
2.113058120e-01
-7.389646769e-01
2.466402054e+00
-9.091376066e-01
-5.906209350e-02
4.687427580e-01
-7.071844339e-01
2.160782069e-01
-4.271770716e-01
1.792565823e+00
-8.018578291e-01
6.430823207e-01
4.791108891e-02
5.383151770e-02
6.619921923e-01
-1.671072543e-01
-1.560514212e+00
8.028034866e-02
-1.297277927e+00
-2.155005485e-01
2.691611648e-01
5.788589716e-01
1.033625484e+00
-9.465990067e-01
-4.898631573e-01
-2.008452415e-01
7.659217715e-01
-3.335941732e-01
1.198818088e+00
-3.527190089e-01
-1.837478638e+00
-1.696720570e-01
9.694588184e-01
-1.407299638e-01
7.965987176e-02
7.456739992e-02
2.591458321e+00
5.655506253e-01
2.791622281e-01
-2.971659303e-01
7.531651258e-01
-1.281068623e-01
7.868427038e-01
4.246308804e-01
6.073525548e-01
2.777906656e-01
-1.878544211e+00
2.061693907e+00
4.867046475e-01
-1.172016487e-01
6.266836822e-02
-3.743768334e-01
-5.108287930e-01
-5.726647377e-02
-4.073619843e-03
-1.787086427e-01
1.132306457e-02
-5.550526977e-01
6.488267183e-01
-5.756714940e-01
4.662324190e-01
1.146340370e-01
-3.058970869e-01
-1.525748968e+00
4.573800862e-01
1.183575317e-01
9.134799242e-01
3.417958617e-01
5.630576611e-02
7.117412686e-01
2.036649287e-01
7.883682847e-01
4.256387353e-01
2.259805202e-01
-7.040394545e-01
-1.135844290e-01
-6.049683094e-01
-7.618378401e-01
4.402058423e-01
4.090251029e-02
9.149239957e-02
-2.371541262e-01
1.885848284e+00
-1.132605672e+00
2.025842667e-03
-4.044877291e-01
-2.544981003e+00
-3.549902141e-02
5.942206979e-01
-2.654799223e-01
8.528029919e-01
1.134537220e+00
2.420236617e-01
-1.035509586e+00
6.648077071e-02
4.555685520e-01
4.571299255e-02
8.608790636e-01
2.248374522e-01
-5.884838104e-01
-7.232871056e-01
1.713689208e+00
1.290369630e-01
3.762404919e-01
-5.343075395e-01
4.319000617e-02
7.419044971e-01
9.098952264e-02
-1.925029792e-04
2.417862177e+00
1.569819152e-01
-3.497837782e-01
1.300999075e-01
-2.803463697e+00
2.294017226e-01
6.856728196e-01
1.172243953e+00
-1.445538163e+00
1.732420564e+00
2.176087201e-01
-7.475764155e-01
-1.167615578e-01
5.113137960e-01
5.705919266e-01
2.734697759e-01
-7.746214867e-01
7.701088786e-01
8.167240024e-01
3.244718909e-01
-6.838972569e-01
-3.148671091e-01
4.000591636e-01
-7.620624304e-01
-6.355790496e-01
1.981661439e+00
4.894872010e-01
5.388779640e-01
-6.895459890e-01
1.417336464e+00
-6.897253990e-01
-8.811205029e-01
-4.590786695e-01
-1.120100915e-02
8.769092560e-01
8.453493714e-01
-1.137933373e+00
-2.204970837e+00
8.212122917e-01
-6.064969897e-01
4.471732378e-01
1.045314550e+00
-5.330548882e-01
-3.078818321e-01
1.443761945e+00
-5.415172577e-01
2.449073792e-01
1.440961123e+00
-6.141072512e-02
-8.056948781e-01
-1.071289927e-01
-3.956021070e-01
4.498827457e-01
-3.879809380e-01
-3.976318836e-01
8.072279096e-01
3.258094564e-02
7.783819437e-01
-2.239574790e-01
1.097668484e-01
7.988655567e-01
3.351036459e-03
-1.806997538e+00
7.504944205e-01
3.572815955e-01
-1.481226206e+00
2.528556585e-01
1.541253626e-01
8.369252086e-01
1.045427680e+00
1.915224940e-01
-2.570356727e-01
4.496248364e-01
-7.743202150e-02
-3.795817196e-01
9.468564391e-01
8.272407055e-01
1.355402172e-01
-9.885990620e-02
7.236549258e-02
-2.677180052e+00
-6.364992261e-02
-7.195733786e-01
2.209046483e-01
-9.578157961e-02
1.568383873e-01
-8.949373364e-01
-8.663700223e-01
-7.896896452e-02
2.725693583e-01
-1.342062950e+00
-2.847890258e-01
8.501102924e-01
-1.215426326e+00
-8.513593674e-01
6.956887841e-01
7.401312590e-01
-3.531279266e-01
4.407358170e-01
-5.778030753e-01
-1.744755268e+00
-4.509912729e-01
2.613531649e-01
2.970043719e-01
-1.583277106e+00
2.993457317e-01
9.902607650e-02
-5.875899792e-01
-5.145827532e-01
8.380337358e-01
-1.795643926e+00
-1.610203087e-01
-6.620369554e-01
5.802293122e-02
9.175506979e-02
5.914785862e-01
-5.799496174e-02
7.375042439e-01
-7.037121058e-01
-7.660652995e-01
1.215555966e-01
2.795245349e-01
-2.779275775e-01
8.067868352e-01
-5.890554190e-01
7.923610806e-01
-7.910968065e-01
2.079149485e+00
-7.168616056e-01
-4.527825415e-01
-1.928578019e-01
1.193119526e+00
-5.822956562e-01
-2.702843547e-01
2.724812031e-01
5.149512291e-01
-3.039814234e-01
-4.334110022e-01
-3.020525575e-01
-4.601140320e-01
3.049115539e-01
-4.760661721e-01
6.295807660e-02
7.134893537e-01
-2.501609623e-01
-2.576836824e+00
-2.997158170e-01
