2.395629883e-02
-2.802734375e-01
2.431640625e-01
-1.145019531e-01
-7.098388672e-02
1.228027344e-01
2.038574219e-01
-1.297607422e-01
6.112670898e-02
1.557617188e-01
4.620361328e-02
-8.990478516e-02
8.172607422e-02
-3.395996094e-01
-4.428100586e-02
2.459716797e-01
-2.992248535e-02
-1.480712891e-01
-7.849121094e-02
1.058349609e-01
-4.670410156e-01
9.751319885e-04
5.230712891e-02
1.195678711e-01
-2.912597656e-01
1.721191406e-01
-9.963989258e-03
-1.812744141e-02
-1.074829102e-01
3.012084961e-02
-2.760314941e-02
1.832275391e-01
-1.878662109e-01
-3.463745117e-02
-2.067871094e-01
2.844238281e-02
3.349609375e-01
9.356689453e-02
7.067871094e-02
-1.061401367e-01
-1.209716797e-01
1.389160156e-01
1.860351562e-01
-1.892089844e-01
-1.423339844e-01
-4.943847656e-02
-5.661010742e-03
2.104492188e-01
7.940673828e-02
1.024169922e-01
1.148071289e-01
-3.967285156e-02
-2.476806641e-01
-2.795410156e-01
4.888916016e-02
-3.460693359e-02
-6.427001953e-02
-8.471679688e-02
1.365966797e-01
-1.684570312e-01
-1.989746094e-01
-4.028320312e-02
1.402587891e-01
9.326171875e-02
1.297607422e-01
1.008300781e-01
-1.571044922e-01
-2.716064453e-02
-9.906005859e-02
-1.429443359e-01
-1.155395508e-01
1.057739258e-01
-2.031250000e-01
-4.354858398e-02
3.909301758e-02
1.414794922e-01
9.277343750e-02
1.213378906e-01
-1.113891602e-01
-3.271484375e-02
1.134033203e-01
-1.771545410e-02
1.470947266e-01
3.686523438e-02
1.777648926e-02
-5.300903320e-02
-1.905517578e-01
2.159118652e-02
-4.721069336e-02
-3.261718750e-01
1.374511719e-01
-1.129150391e-02
1.768798828e-01
1.995849609e-01
-9.509277344e-02
-9.283447266e-02
-6.433105469e-02
9.484863281e-02
1.658630371e-02
8.081054688e-02
8.135986328e-02
-2.092285156e-01
3.824234009e-04
3.189086914e-02
5.017089844e-02
1.567077637e-02
-5.798339844e-02
-1.139831543e-02
1.295166016e-01
-7.525634766e-02
5.916595459e-03
-3.328323364e-03
2.366638184e-02
-1.267089844e-01
-1.781005859e-01
-2.539062500e-01
2.003173828e-01
2.020263672e-01
8.575439453e-02
6.204223633e-02
-1.177368164e-01
-1.066894531e-01
-1.099853516e-01
-2.124023438e-01
-7.604980469e-02
3.927612305e-02
-1.762695312e-01
-2.632141113e-02
1.204833984e-01
2.551269531e-01
-2.015380859e-01
-7.928466797e-02
1.547851562e-01
9.960937500e-02
-3.683471680e-02
-1.909179688e-01
-9.620666504e-03
1.882934570e-02
4.580688477e-02
-9.649658203e-02
1.770019531e-01
-2.905273438e-01
-3.613281250e-02
-1.503906250e-01
2.183532715e-02
3.958129883e-02
1.086425781e-01
2.586364746e-02
-1.644287109e-01
-1.440429688e-01
-4.965209961e-02
-9.277343750e-03
2.247314453e-01
1.715087891e-02
-2.247314453e-01
5.474853516e-02
1.531219482e-02
1.358642578e-01
9.130859375e-02
-1.583251953e-01
2.449951172e-01
1.964111328e-01
6.567382812e-02
2.241516113e-02
-5.718994141e-02
-1.055297852e-01
2.878417969e-01
5.334472656e-02
8.056640625e-02
5.349731445e-02
-9.954833984e-02
-1.104125977e-01
4.112243652e-03
2.037286758e-04
5.780029297e-02
-1.380157471e-02
4.360961914e-02
-1.483154297e-01
1.497802734e-01
-1.650390625e-01
-2.099609375e-01
-7.977294922e-02
-4.611206055e-02
-6.384277344e-02
-2.054443359e-01
7.116699219e-02
-1.003417969e-01
1.061401367e-01
2.418212891e-01
-1.656494141e-01
-1.181030273e-01
1.680908203e-01
2.963256836e-02
-2.010498047e-01
-4.565429688e-02
5.093383789e-02
-1.110229492e-01
1.701660156e-01
2.972412109e-02
-3.167724609e-02
-6.964111328e-02
-3.056640625e-01
5.612182617e-02
1.640625000e-01
-8.270263672e-03
-1.005859375e-01
6.744384766e-02
1.151733398e-01
1.481933594e-01
-1.473388672e-01
-1.346435547e-01
7.043457031e-02
-2.161865234e-01
-2.480468750e-01
-1.562500000e-01
-5.532836914e-02
-2.849121094e-01
-5.828857422e-02
1.324462891e-02
-5.621337891e-02
-1.766357422e-01
2.211914062e-01
-2.299804688e-01
3.042602539e-02
-8.902549744e-04
-2.142333984e-01
1.774902344e-01
-1.019287109e-02
3.099060059e-02
1.397705078e-01
1.755371094e-01
5.120849609e-02
1.868896484e-01
2.105712891e-01
-1.472167969e-01
4.232788086e-02
-1.214599609e-01
-7.324218750e-03
-1.890563965e-02
-1.715087891e-02
2.601623535e-02
8.386230469e-02
6.646728516e-02
1.798095703e-01
9.246826172e-02
2.937316895e-02
2.308654785e-02
1.654052734e-01
6.445312500e-02
9.515380859e-02
4.727172852e-02
-1.729736328e-01
1.390380859e-01
6.475830078e-02
-7.348632812e-02
-1.088867188e-01
-8.923339844e-02
5.957031250e-02
-1.229095459e-02
1.159667969e-01
1.507568359e-02
-9.201049805e-03
7.263183594e-02
-3.259277344e-02
9.796142578e-02
5.191802979e-03
-2.382812500e-01
-8.911132812e-02
-3.262329102e-02
-4.302978516e-02
1.015014648e-01
-1.757812500e-01
-1.787109375e-01
1.721191406e-01
2.624511719e-01
-9.300231934e-03
1.117706299e-02
-7.818603516e-02
7.659912109e-02
1.395263672e-01
8.587646484e-02
-7.971191406e-02
3.759765625e-02
2.058105469e-01
2.431640625e-01
1.169433594e-01
-1.523437500e-01
5.215454102e-02
7.850646973e-03
1.899414062e-01
-9.906005859e-02
-9.979248047e-02
-5.914306641e-02
-6.280517578e-02
1.339721680e-02
-1.922607422e-02
-3.395996094e-01
-9.368896484e-02
2.519226074e-02
1.628417969e-01
-4.348754883e-02
-1.467285156e-01
-9.704589844e-02
4.971313477e-02
-5.508422852e-02
4.147338867e-02
-6.931304932e-03
1.252441406e-01
-1.467895508e-02
-1.419677734e-01
-1.443862915e-03
-3.909301758e-02
-4.418945312e-01
1.665039062e-01
6.637573242e-03
1.094818115e-03
8.407592773e-03
1.065063477e-01
-1.160888672e-01
1.094970703e-01
1.673583984e-01
-1.304931641e-01
2.006835938e-01
4.940795898e-02
-9.844970703e-02
1.942443848e-02
-6.610107422e-02
8.032226562e-02
-1.768798828e-01
1.793212891e-01
-4.803466797e-02
3.744506836e-02
-5.413818359e-02
-8.300781250e-02
-1.795654297e-01
3.680419922e-02
-4.321289062e-02
-9.729003906e-02
1.890869141e-01
-7.757568359e-02
1.374511719e-01
-3.063964844e-02
1.306152344e-01
-2.509765625e-01
-1.712646484e-01
1.583251953e-01
1.667480469e-01
4.144287109e-02
1.867675781e-01
-2.922058105e-02
-8.685302734e-02
-7.896423340e-03
-1.092529297e-01
9.933471680e-03
1.753234863e-02
-9.606933594e-02
-1.156806946e-03
1.915283203e-01
-1.157836914e-01
-4.953002930e-02
5.358886719e-02
-2.410888672e-01
-9.997558594e-02
-7.421875000e-02
2.212524414e-02
-3.570556641e-02
-6.401062012e-03
-7.090568542e-04
-1.879882812e-01
5.978393555e-02
-1.015625000e-01
2.132568359e-01
-2.841186523e-02
-1.690673828e-01
4.562377930e-02
2.573242188e-01
1.128540039e-01
-9.057617188e-02
-6.433105469e-02
-1.237487793e-02
-1.888427734e-01
1.154174805e-01
-1.033020020e-02
-6.530761719e-03
-3.781738281e-01
-3.237304688e-01
-1.309814453e-01
-4.946899414e-02
-2.133789062e-01
-3.149414062e-01
-4.384765625e-01
-2.167968750e-01
-1.082611084e-02
-2.224121094e-01
-4.205322266e-02
-1.839599609e-01
-1.558837891e-01
6.523132324e-03
-5.922851562e-01
1.765136719e-01
-4.885253906e-01
-1.181030273e-01
6.427001953e-02
-2.790527344e-01
5.175781250e-01
-3.278808594e-01
-3.007812500e-01
7.574462891e-02
-4.311523438e-01
-1.249389648e-01
-1.696777344e-01
-1.137084961e-01
-2.067871094e-01
1.861572266e-02
-1.667785645e-02
1.046752930e-01
-2.802734375e-01
-3.745117188e-01
9.185791016e-02
3.808975220e-03
1.865234375e-01
-7.896423340e-03
1.893615723e-02
-2.191162109e-01
-2.465820312e-01
1.115722656e-01
-1.365966797e-01
-6.964111328e-02
2.467041016e-01
-9.167480469e-02
-2.209472656e-01
-9.967041016e-02
5.209350586e-02
1.126708984e-01
-1.693115234e-01
-4.538574219e-01
-1.879882812e-01
2.558593750e-01
-1.447753906e-01
-9.326171875e-02
-9.356689453e-02
-2.205810547e-01
-1.756286621e-02
-2.871093750e-01
-5.368041992e-02
-1.844482422e-01
-1.704101562e-01
-9.509277344e-02
-1.911621094e-01
-1.052246094e-01
-1.614990234e-01
-1.550292969e-01
2.630233765e-03
2.703857422e-02
-3.593750000e-01
1.774597168e-02
-2.335205078e-01
-1.199340820e-01
-4.328613281e-01
-5.187988281e-02
-7.989501953e-02
-1.514434814e-02
-9.631347656e-02
-4.951171875e-01
-3.349609375e-01
-1.673889160e-02
1.085205078e-01
-2.375793457e-02
-3.105163574e-02
-3.112792969e-01
1.672363281e-01
-3.074645996e-02
-2.531738281e-01
5.380249023e-02
-2.014160156e-01
-3.059082031e-01
6.443023682e-03
-1.057128906e-01
-2.127685547e-01
1.679687500e-01
2.797851562e-01
9.240722656e-02
-4.730224609e-02
1.174316406e-01
-2.695312500e-01
-1.948242188e-01
1.000366211e-01
1.571044922e-01
2.630615234e-02
1.855468750e-02
-3.671264648e-02
-3.857421875e-01
-9.558105469e-02
-5.532836914e-02
-7.238769531e-02
-3.762207031e-01
1.061401367e-01
-4.528808594e-01
-1.486816406e-01
-3.232421875e-01
1.408691406e-01
-1.672363281e-01
1.115722656e-01
-4.101562500e-02
1.795654297e-01
-3.151855469e-01
-1.072387695e-01
-1.823425293e-02
2.525329590e-02
1.102905273e-01
-1.695556641e-01
-2.687988281e-01
1.186523438e-01
-2.131347656e-01
-2.731933594e-01
-9.515380859e-02
7.625579834e-03
-5.258178711e-02
-3.967285156e-01
-1.672363281e-01
-4.699707031e-02
-7.232666016e-02
4.202270508e-02
-2.153320312e-01
8.258056641e-02
-2.746582031e-01
-2.460937500e-01
-1.571044922e-01
-9.606933594e-02
-9.710693359e-02
6.353759766e-02
-4.653930664e-02
-2.416992188e-01
-4.040527344e-02
1.293945312e-01
-1.568603516e-01
-2.164306641e-01
-2.136230469e-01
-2.658691406e-01
3.099060059e-02
-2.170410156e-01
-1.348876953e-01
7.301330566e-03
-5.178833008e-02
-1.536865234e-01
-3.586425781e-01
-3.802490234e-02
2.464599609e-01
1.432037354e-02
-2.415771484e-01
4.260253906e-01
-3.254394531e-01
1.198577881e-02
-1.333007812e-01
-1.910400391e-01
-5.252075195e-02
-1.965332031e-02
-5.786132812e-02
9.484863281e-02
-1.268310547e-01
-2.336425781e-01
-1.266479492e-02
-2.145996094e-01
-1.961669922e-01
1.860351562e-01
-2.378463745e-03
-1.618652344e-01
-8.319091797e-02
-2.145996094e-01
-1.378173828e-01
-7.843017578e-02
4.189453125e-01
1.169433594e-01
-2.534179688e-01
-5.273437500e-02
-6.713867188e-02
-2.053222656e-01
-2.309570312e-01
-9.411621094e-02
5.313110352e-02
-8.532714844e-02
-1.499023438e-01
-3.464355469e-01
-2.329101562e-01
9.362792969e-02
-1.071777344e-01
5.667114258e-02
-5.752563477e-02
1.744079590e-02
-4.914550781e-01
-2.489013672e-01
-1.931152344e-01
-4.064941406e-02
-1.692199707e-02
-2.005004883e-02
4.776000977e-02
-3.454589844e-01
-1.192016602e-01
-3.264160156e-01
-9.051513672e-02
-3.627929688e-01
-8.868408203e-02
-3.518066406e-01
-5.258789062e-01
-1.039428711e-01
-7.354736328e-02
-7.186889648e-03
-1.755371094e-01
2.546691895e-02
-1.048583984e-01
-1.679687500e-01
-2.546691895e-02
1.032104492e-01
1.488494873e-02
-1.984863281e-01
8.673095703e-02
2.572631836e-02
-1.440429688e-01
-5.009765625e-01
-1.846313477e-02
-5.639648438e-01
-3.122329712e-03
-1.000366211e-01
-2.517089844e-01
-3.271484375e-02
-1.573181152e-02
-1.224975586e-01
8.435058594e-02
9.136962891e-02
-1.083374023e-01
-1.569824219e-01
1.314697266e-01
-1.255035400e-02
-1.102905273e-01
2.338867188e-01
-2.252197266e-01
-1.667480469e-01
-3.454589844e-02
-6.512451172e-02
-5.145263672e-02
-1.583251953e-01
-9.759521484e-02
-5.740356445e-02
-4.436035156e-01
-1.258544922e-01
-2.363281250e-01
-3.203125000e-01
-8.538818359e-02
-1.802444458e-03
-2.174072266e-01
-3.715820312e-01
-1.936035156e-01
-3.588867188e-02
-1.994628906e-01
2.581787109e-02
5.115509033e-03
-2.194213867e-02
6.823730469e-02
1.954345703e-01
-3.718261719e-01
-1.842041016e-01
-6.524658203e-02
-3.911132812e-01
-1.320800781e-01
-1.588134766e-01
-1.530456543e-02
1.593017578e-02
-1.899414062e-01
-9.619140625e-02
3.921508789e-02
-1.843261719e-02
-8.752441406e-02
-1.469726562e-01
5.026245117e-02
-7.946777344e-02
-5.322265625e-02
-5.761718750e-02
-1.976318359e-01
-1.175537109e-01
-1.474609375e-01
-2.371826172e-01
-1.491699219e-01
8.422851562e-02
5.868530273e-02
-8.674621582e-03
-1.365966797e-01
-1.721191406e-01
-2.753906250e-01
6.401062012e-03
-4.476928711e-02
-2.819824219e-01
-8.544921875e-02
-2.119140625e-01
-2.052001953e-01
-1.994628906e-01
-7.617950439e-03
1.790771484e-01
-1.986083984e-01
4.360198975e-03
2.931213379e-02
-1.080513000e-03
1.072998047e-01
-1.040649414e-02
-5.245208740e-03
5.639648438e-02
-2.546386719e-01
-1.705322266e-01
-7.714843750e-02
-1.221923828e-01
3.778076172e-02
-2.797851562e-01
-3.276367188e-01
-1.481933594e-01
-3.007812500e-01
8.258056641e-02
-2.729492188e-01
-1.821289062e-01
-1.386718750e-01
-1.721191406e-01
7.159423828e-02
-3.349609375e-01
-8.148193359e-02
2.144775391e-01
1.261711121e-03
-1.095581055e-01
-1.171875000e-01
-1.899719238e-02
-1.226806641e-01
-1.336669922e-01
-3.437500000e-01
9.437561035e-03
-9.808349609e-02
9.902954102e-03
-1.311035156e-01
-3.747558594e-02
-3.920898438e-01
-2.813720703e-02
-2.098083496e-02
6.094360352e-02
-4.194335938e-01
5.328369141e-02
-2.279052734e-01
-8.471679688e-02
-7.617187500e-02
-1.624755859e-01
-1.606445312e-01
-3.210449219e-01
1.021575928e-02
-1.398925781e-01
-1.746826172e-01
-8.605957031e-02
-6.903076172e-02
-3.234863281e-01
-1.571044922e-01
-8.993148804e-04
1.160278320e-01
1.089477539e-01
-1.333007812e-01
5.221557617e-02
2.085876465e-02
-2.673339844e-02
1.565551758e-02
-1.921386719e-01
2.734375000e-02
-5.050659180e-02
7.232666016e-02
-2.597656250e-01
-4.460449219e-01
-2.624511719e-02
-8.557128906e-02
-1.682128906e-01
5.343627930e-02
6.473541260e-03
-1.922607422e-01
-1.348876953e-02
6.945800781e-02
8.422851562e-02
-8.856201172e-02
7.022857666e-03
1.600341797e-01
-8.312988281e-02
1.823730469e-01
1.364746094e-01
4.028320312e-01
-4.916381836e-02
-4.574584961e-02
1.634521484e-01
-1.278076172e-01
-3.781127930e-02
-2.036132812e-01
1.427001953e-01
-7.293701172e-02
-1.004028320e-01
-9.826660156e-02
-8.068847656e-02
-9.204101562e-02
-3.515625000e-02
-7.733154297e-02
-3.921508789e-02
-1.170654297e-01
1.344299316e-02
2.947998047e-02
3.753662109e-02
-5.218505859e-03
-1.955566406e-01
2.032470703e-01
-1.644287109e-01
2.305603027e-02
-4.312133789e-02
1.231689453e-01
-1.337890625e-01
1.206207275e-02
-1.129150391e-01
-2.927246094e-01
-2.673339844e-01
-1.633300781e-01
-1.164550781e-01
2.299804688e-01
-1.302490234e-01
-1.480712891e-01
6.811523438e-02
1.492919922e-01
-1.365966797e-01
-1.564941406e-01
7.641601562e-02
-6.304931641e-02
2.205810547e-01
-9.361267090e-03
-5.551147461e-02
-4.104614258e-02
1.298828125e-01
-6.137084961e-02
7.727050781e-02
-1.270751953e-01
3.530883789e-02
6.390380859e-02
6.011962891e-02
-5.546569824e-03
-1.106567383e-01
1.058959961e-01
-2.353515625e-01
-1.779785156e-01
-2.106933594e-01
1.271972656e-01
1.890869141e-01
9.265136719e-02
-2.462768555e-02
1.015625000e-01
6.494140625e-02
-8.564453125e-01
-2.038574219e-01
1.718139648e-02
-6.677246094e-02
3.811645508e-02
-6.945800781e-02
-9.429931641e-02
1.023559570e-01
1.989746094e-01
1.911621094e-01
-7.421875000e-02
-1.551513672e-01
-2.834472656e-01
1.049804688e-01
-1.763916016e-01
-1.629638672e-01
-2.072753906e-01
5.444335938e-02
-2.697753906e-01
-1.958007812e-01
-1.658935547e-01
6.591796875e-02
-1.178588867e-01
2.805175781e-01
1.383972168e-02
1.761474609e-01
8.929443359e-02
1.518554688e-01
-2.688598633e-02
1.739501953e-02
-5.007934570e-02
1.898193359e-01
1.409912109e-01
1.220703125e-01
-6.011962891e-02
-2.883300781e-01
-1.511230469e-01
-1.731872559e-02
-2.252197266e-01
-9.893798828e-02
-3.384399414e-02
6.945800781e-02
1.448822021e-02
3.768920898e-02
2.237548828e-01
1.079101562e-01
6.036376953e-02
1.419677734e-01
-1.101074219e-01
3.155517578e-02
-2.809143066e-02
2.323913574e-02
-6.445312500e-02
-6.707763672e-02
8.325195312e-02
-5.328369141e-02
1.872558594e-01
5.170898438e-01
-1.383056641e-01
-2.050781250e-01
-3.970336914e-02
-4.437255859e-02
9.796142578e-03
1.914062500e-01
-6.854248047e-02
-1.588134766e-01
9.777832031e-02
-5.490112305e-02
-1.312255859e-01
-1.285400391e-01
-8.819580078e-02
-2.318115234e-01
9.143066406e-02
1.336669922e-01
1.540527344e-01
-1.739501953e-02
1.077880859e-01
1.955566406e-01
8.563232422e-02
3.247070312e-02
1.158905029e-02
1.118469238e-02
1.590576172e-01
3.076171875e-02
1.077880859e-01
-2.114257812e-01
8.184814453e-02
1.051025391e-01
4.318237305e-02
6.475830078e-02
9.851074219e-02
2.829589844e-01
-9.387207031e-02
1.523437500e-01
-1.528320312e-01
-1.459960938e-01
5.520629883e-02
7.440185547e-02
-8.868408203e-02
-5.407714844e-02
3.646850586e-02
7.739257812e-02
1.520538330e-02
1.760864258e-02
5.535888672e-02
-6.665039062e-02
-1.595458984e-01
-3.212890625e-01
7.617187500e-02
-4.446411133e-02
1.647949219e-01
2.531433105e-02
4.205322266e-02
-2.133178711e-02
3.178710938e-01
-6.634521484e-02
-7.965087891e-02
-1.227378845e-03
-8.239746094e-03
-7.421875000e-02
-3.845214844e-02
-2.315673828e-01
-1.039505005e-03
-2.398681641e-02
1.047973633e-01
-7.818603516e-02
1.593017578e-01
-5.059814453e-02
5.294799805e-02
7.525634766e-02
1.279296875e-01
-5.319213867e-02
1.036987305e-01
5.364990234e-02
-3.092956543e-02
-1.494140625e-01
-1.030273438e-01
-1.479492188e-01
-1.376953125e-01
2.822265625e-01
-1.701660156e-01
1.112670898e-01
-1.638793945e-02
2.687988281e-01
6.842041016e-02
-1.979980469e-01
2.583007812e-01
-2.380371094e-01
-1.768798828e-01
2.504882812e-01
-1.259765625e-01
1.840820312e-01
1.243591309e-02
-1.264572144e-03
2.399902344e-01
9.813308716e-04
-3.405761719e-01
1.436767578e-01
5.718994141e-02
-3.262329102e-02
1.406250000e-01
-1.639404297e-01
-1.921386719e-01
-2.004394531e-01
-1.407470703e-01
-6.842041016e-02
-2.132568359e-01
8.544921875e-02
-1.391601562e-01
1.879882812e-01
8.636474609e-02
-3.192901611e-03
6.939697266e-02
-9.332275391e-02
-1.523437500e-01
1.000976562e-01
8.923339844e-02
-2.690124512e-02
-7.696533203e-02
-4.867553711e-02
-1.112060547e-01
-6.402587891e-02
1.632690430e-02
-9.008789062e-02
-2.381896973e-02
-2.487182617e-02
8.685302734e-02
1.884765625e-01
5.984497070e-02
-9.893798828e-02
-9.332275391e-02
1.374511719e-01
2.043457031e-01
3.994140625e-01
-1.114501953e-01
-1.383056641e-01
2.062988281e-01
-5.526733398e-02
9.539794922e-02
4.162597656e-02
-1.805305481e-03
7.836914062e-02
-7.507324219e-02
1.651611328e-01
-2.492675781e-01
-3.201293945e-02
-2.115478516e-01
4.147338867e-02
-1.435546875e-01
-1.063232422e-01
9.222412109e-02
-1.094970703e-01
1.972656250e-01
6.637573242e-03
-9.228515625e-02
1.263427734e-01
-8.721923828e-02
2.073974609e-01
2.781677246e-02
1.339111328e-01
-5.245971680e-02
-5.511474609e-02
1.712646484e-01
-9.338378906e-03
-2.220153809e-03
-1.004028320e-02
-1.463623047e-01
-1.557617188e-01
9.973144531e-02
1.070556641e-01
7.336425781e-02
2.864074707e-02
-7.934570312e-02
1.942138672e-01
-3.024902344e-01
1.303710938e-01
-1.437988281e-01
4.824829102e-02
-1.896972656e-01
2.052001953e-01
7.714843750e-02
1.113891602e-01
2.668762207e-02
2.903747559e-02
4.885864258e-02
-1.120605469e-01
1.152343750e-01
-7.128906250e-02
-9.527587891e-02
-5.773925781e-02
1.727294922e-01
-1.254882812e-01
-1.634216309e-02
-9.149169922e-02
2.127075195e-02
1.185607910e-02
8.746337891e-02
-2.834472656e-01
1.553955078e-01
1.205444336e-01
-7.568359375e-02
2.170410156e-01
-1.270751953e-01
-1.793212891e-01
-2.935791016e-02
-3.283691406e-01
-1.347656250e-01
2.770996094e-02
-1.191406250e-01
5.230712891e-02
-3.408813477e-02
1.083374023e-01
-3.604125977e-02
-3.692626953e-02
1.375732422e-01
2.392578125e-01
1.409912109e-01
1.029052734e-01
2.136230469e-01
7.232666016e-02
1.229248047e-01
5.239868164e-02
-6.063842773e-02
2.177429199e-02
-5.465698242e-02
9.039306641e-02
6.671142578e-02
-1.437988281e-01
-4.187011719e-02
1.600646973e-02
8.123779297e-02
1.278076172e-01
-1.474609375e-01
2.281494141e-01
-4.882812500e-02
1.480712891e-01
1.202392578e-02
4.986572266e-02
1.085815430e-01
-3.283691406e-02
2.919921875e-01
-4.440307617e-02
2.296447754e-02
-1.919555664e-02
-1.345214844e-01
2.479248047e-01
-7.440185547e-02
-2.509765625e-01
1.258544922e-01
1.113281250e-01
-1.282958984e-01
-2.807617188e-02
1.099395752e-02
-4.992675781e-02
1.838378906e-01
-1.047973633e-01
-1.337890625e-01
-9.600830078e-02
3.961181641e-02
6.738281250e-02
-1.647949219e-01
1.254882812e-01
-8.813476562e-02
1.066406250e+00
1.116333008e-01
-5.828857422e-02
1.989746094e-01
-1.525878906e-01
-8.422851562e-02
-1.451873779e-02
-4.135131836e-02
-7.110595703e-02
3.086853027e-02
-6.793975830e-03
2.150878906e-01
-1.067504883e-01
-2.159118652e-02
-4.313964844e-01
2.072143555e-02
3.876953125e-01
9.460449219e-03
-7.385253906e-02
2.183914185e-03
-3.189086914e-02
6.970214844e-02
8.399963379e-03
-1.131439209e-02
1.690673828e-01
1.491546631e-02
-5.017089844e-02
1.488494873e-02
1.726074219e-01
1.352539062e-01
6.707763672e-02
-1.500244141e-01
-1.002197266e-01
6.036376953e-02
-6.585693359e-02
-1.506347656e-01
-1.184692383e-01
-6.243896484e-02
1.690673828e-01
-3.028869629e-02
1.278076172e-01
6.996154785e-03
1.121826172e-01
2.010498047e-01
1.885986328e-02
9.973144531e-02
-7.604980469e-02
1.112060547e-01
1.110076904e-02
-2.278137207e-02
-5.221557617e-02
7.861328125e-02
-2.546386719e-01
1.562500000e-02
2.032470703e-01
1.899414062e-01
-2.966308594e-02
-7.850646973e-03
-2.778320312e-01
1.250457764e-02
1.357421875e-01
-4.947662354e-03
3.982543945e-02
-5.276489258e-02
5.126953125e-02
7.781982422e-02
-2.676391602e-02
-4.449462891e-02
4.040527344e-02
-1.030273438e-01
1.230468750e-01
-1.251220703e-01
1.386718750e-01
-1.336669922e-01
-3.347396851e-03
6.439208984e-02
1.505126953e-01
1.684570312e-01
1.947021484e-01
1.813964844e-01
4.238891602e-02
-1.661376953e-01
3.628540039e-02
1.834716797e-01
2.091979980e-02
1.097412109e-01
-3.167724609e-02
-1.397705078e-01
-3.320312500e-02
-1.368713379e-02
-3.417968750e-02
2.075195312e-02
2.110595703e-01
-3.369140625e-02
-1.534423828e-01
-7.678222656e-02
2.093505859e-01
1.287841797e-01
1.354980469e-01
-6.622314453e-03
2.398681641e-01
-2.407226562e-01
-5.371093750e-02
-1.455078125e-01
8.532714844e-02
7.629394531e-02
-7.104492188e-02
-1.989746094e-02
1.679687500e-01
7.183837891e-02
-1.492919922e-01
1.486206055e-02
1.809082031e-01
1.694335938e-01
-1.159667969e-01
-9.185791016e-02
-1.189575195e-01
-1.162719727e-01
3.330078125e-01
5.001068115e-03
2.536621094e-01
-8.996582031e-02
-1.154174805e-01
-1.575927734e-01
-2.395019531e-01
2.235412598e-03
5.695343018e-03
4.718017578e-02
-1.833496094e-01
-9.680175781e-02
1.117553711e-01
-2.970886230e-02
3.068847656e-01
4.464721680e-02
-2.668457031e-01
-1.628112793e-02
1.235351562e-01
-3.784179688e-02
1.994628906e-01
-1.082153320e-01
1.735839844e-01
1.359863281e-01
1.259613037e-02
3.386230469e-01
1.848144531e-01
-7.604980469e-02
4.196777344e-01
-6.311035156e-02
8.514404297e-02
1.945800781e-01
-3.482055664e-02
-1.383781433e-03
4.895019531e-02
9.075927734e-02
1.052246094e-01
3.842163086e-02
1.412353516e-01
5.795288086e-02
5.303955078e-02
2.587890625e-02
7.446289062e-02
-2.613830566e-02
-2.000732422e-01
-1.535644531e-01
-1.562500000e-01
1.112670898e-01
-2.018737793e-02
3.640136719e-01
5.728149414e-02
-1.567382812e-01
2.670288086e-02
-2.818298340e-02
1.084594727e-01
-7.928466797e-02
4.229736328e-02
2.202148438e-01
1.013946533e-02
1.890869141e-01
-1.967773438e-01
1.766357422e-01
1.809082031e-01
-1.678466797e-01
1.407470703e-01
6.469726562e-02
-2.906799316e-02
2.172851562e-02
6.317138672e-03
5.031585693e-03
3.927612305e-02
-2.214050293e-02
-3.749847412e-03
9.643554688e-02
-1.093139648e-01
-1.213989258e-01
1.234741211e-01
-1.688232422e-01
2.307128906e-02
3.385543823e-03
4.162597656e-02
-6.634521484e-02
-8.489990234e-02
2.453613281e-01
-4.162597656e-02
2.491760254e-02
3.669433594e-01
-1.783447266e-01
1.705322266e-01
-1.876220703e-01
6.115722656e-02
2.636718750e-01
1.123046875e-01
6.408691406e-02
2.159423828e-01
-5.352783203e-02
6.140136719e-02
6.420135498e-03
-3.134155273e-02
1.383056641e-01
6.634521484e-02
-4.101562500e-02
-1.098632812e-01
1.900634766e-01
-2.897644043e-02
1.452636719e-01
5.126953125e-02
2.183837891e-01
-1.174316406e-01
1.269531250e-01
-5.346679688e-02
9.014892578e-02
1.627197266e-01
-1.027832031e-01
-6.665039062e-02
-3.912353516e-02
-2.333068848e-02
1.019287109e-02
-1.857910156e-01
-2.452392578e-01
1.811523438e-01
1.794433594e-01
-8.416748047e-02
6.365966797e-02
1.631164551e-02
-2.906799316e-02
-2.485656738e-02
4.656982422e-02
-6.372070312e-02
-8.508300781e-02
1.107177734e-01
-2.666015625e-01
5.303955078e-02
-6.130981445e-02
5.258178711e-02
2.824707031e-01
1.507568359e-01
3.323364258e-02
-8.123779297e-02
2.932739258e-02
1.263427734e-01
4.025268555e-02
-3.530883789e-02
9.963989258e-03
9.210205078e-02
2.170410156e-01
2.019042969e-01
3.640747070e-02
-6.175994873e-03
1.585006714e-03
-6.292724609e-02
2.443847656e-01
-1.287841797e-01
-2.796936035e-02
-3.707885742e-02
2.005004883e-02
2.386474609e-02
-1.411132812e-01
-1.442871094e-01
4.769897461e-02
2.709960938e-01
1.938476562e-01
4.867553711e-02
-4.449462891e-02
5.902099609e-02
9.130859375e-02
2.664184570e-02
-2.087402344e-02
1.385498047e-01
1.303710938e-01
5.053710938e-02
-1.378173828e-01
3.393554688e-02
1.651000977e-02
-3.344726562e-02
3.010559082e-02
-1.828193665e-03
2.215576172e-01
-3.933715820e-02
8.013916016e-02
-1.857757568e-03
2.670288086e-02
-3.768920898e-02
-1.352539062e-01
8.392333984e-02
1.166992188e-01
-1.379394531e-01
5.504608154e-03
-9.490966797e-03
2.180480957e-02
1.945495605e-02
1.630859375e-01
8.184814453e-02
8.532714844e-02
-3.820800781e-02
-7.202148438e-02
-5.953979492e-02
1.746826172e-01
-4.458618164e-02
6.958007812e-02
1.899414062e-01
-5.484008789e-02
-3.120422363e-02
6.311035156e-02
1.488037109e-01
-2.824401855e-02
-7.739257812e-02
1.707763672e-01
1.987304688e-01
4.138183594e-02
1.655273438e-01
-1.251220703e-01
-7.373046875e-02
-1.870117188e-01
4.632568359e-02
4.928588867e-02
6.701660156e-02
-6.768798828e-02
-1.123046875e-02
4.330444336e-02
2.915954590e-02
9.559631348e-03
2.161865234e-01
-1.102294922e-01
-3.091430664e-02
2.435302734e-02
3.250122070e-02
-1.562500000e-01
-9.338378906e-02
1.173095703e-01
-1.280517578e-01
-1.650390625e-01
-1.080322266e-01
3.012695312e-01
9.899902344e-02
1.181030273e-01
1.276855469e-01
4.174804688e-02
1.259613037e-02
2.344970703e-01
-1.033325195e-01
1.317138672e-01
-1.690673828e-01
1.458740234e-01
5.935668945e-02
1.118774414e-01
