1.409149170e-02
9.625244141e-02
2.415466309e-02
-1.029052734e-01
1.229858398e-01
9.773254395e-03
-6.774902344e-02
5.120849609e-02
2.216339111e-03
7.934570312e-02
-8.514404297e-02
-2.984619141e-02
-7.733154297e-02
-5.068969727e-02
-6.967773438e-01
-1.641845703e-01
4.165172577e-04
2.384185791e-03
-2.496337891e-01
-3.769531250e-01
8.557128906e-02
7.519531250e-02
-1.181030273e-01
-1.348876953e-02
7.421875000e-02
-2.398681641e-01
3.460693359e-02
9.008789062e-02
-1.007690430e-01
-1.921386719e-01
-9.582519531e-02
-4.653930664e-03
8.026123047e-02
1.364746094e-01
-1.343994141e-01
-1.361083984e-01
-5.780029297e-02
-5.697631836e-02
1.238250732e-02
-5.126953125e-02
-2.160644531e-01
-4.995727539e-02
-2.208251953e-01
-1.091308594e-01
-1.409912109e-01
7.757568359e-02
-2.778320312e-01
-1.516113281e-01
-8.203125000e-02
-3.277587891e-02
-3.613281250e-02
8.087158203e-02
-1.357421875e-01
-5.359649658e-03
-4.928588867e-02
1.308593750e-01
-3.622436523e-02
1.139068604e-02
-1.275634766e-01
-1.387939453e-01
-2.886962891e-02
-2.317810059e-02
-1.513671875e-01
-3.808593750e-02
-4.202270508e-02
-6.228637695e-02
-1.788330078e-01
2.424240112e-03
5.130004883e-02
-2.027587891e-01
1.313476562e-01
9.197998047e-02
-1.480712891e-01
-7.006835938e-02
2.032470703e-01
-2.120971680e-02
-1.032714844e-01
1.895141602e-02
-8.636474609e-02
-2.799987793e-02
-3.273925781e-01
-6.414794922e-02
-2.178955078e-02
-2.014160156e-02
-1.556396484e-01
5.624389648e-02
-6.500244141e-02
4.971313477e-02
-1.564941406e-01
3.210067749e-03
1.507568359e-01
3.244018555e-02
-2.695312500e-01
2.000427246e-02
4.165649414e-03
-1.956176758e-02
2.928161621e-02
-2.751464844e-01
-7.464599609e-02
-5.310058594e-02
-3.728027344e-01
9.417724609e-02
-1.156616211e-01
8.819580078e-02
1.285400391e-01
-1.354980469e-01
-3.268432617e-02
9.118652344e-02
-1.336669922e-01
-6.353759766e-02
-7.592773438e-02
-2.410888672e-01
-3.845214844e-02
-3.482055664e-02
-5.596923828e-02
-1.514892578e-01
1.247406006e-02
1.205444336e-02
-2.061767578e-01
-6.866455078e-02
-9.771728516e-02
-5.902099609e-02
-3.073730469e-01
-6.341552734e-02
-7.611083984e-02
-5.462646484e-02
1.578369141e-01
-7.221221924e-03
-6.695556641e-02
-2.333984375e-01
-1.779785156e-01
4.370117188e-02
-2.448730469e-01
-5.587768555e-02
-1.134033203e-01
-1.264648438e-01
8.099365234e-02
-3.140258789e-02
-5.975341797e-02
-3.982543945e-02
-8.483886719e-02
-2.903747559e-02
-6.414794922e-02
-1.562500000e-01
1.282958984e-01
-1.095581055e-01
-8.587646484e-02
-1.330566406e-01
2.185058594e-02
7.135009766e-02
-8.178710938e-02
-8.959960938e-02
-7.556152344e-02
-8.032226562e-02
-1.834716797e-01
-3.168106079e-03
-7.891845703e-02
6.045532227e-02
6.622314453e-02
-3.515625000e-02
2.780151367e-02
1.553955078e-01
-8.850097656e-02
-2.814941406e-01
1.621093750e-01
8.612060547e-02
1.971435547e-02
-2.995605469e-01
9.216308594e-02
-1.514892578e-01
-7.881164551e-03
-9.002685547e-02
-6.923828125e-01
-1.925659180e-02
-1.660156250e-01
-2.276611328e-01
-5.487060547e-02
6.457519531e-02
-4.034423828e-02
8.410644531e-02
-1.418457031e-01
-1.485595703e-01
-1.076049805e-01
-8.874511719e-02
-1.336669922e-01
-3.286743164e-02
-9.088134766e-02
2.064208984e-01
-5.383300781e-02
3.826904297e-02
-3.830566406e-01
-1.099853516e-01
-1.092529297e-01
-1.638183594e-01
-2.315673828e-01
1.231079102e-01
6.475830078e-02
-3.457641602e-02
3.189086914e-03
1.150512695e-01
-3.059082031e-01
-5.249023438e-01
5.252075195e-02
-5.163574219e-02
-7.012939453e-02
-1.818847656e-02
-1.787109375e-01
-6.445312500e-02
-2.770996094e-01
5.950927734e-02
3.283691406e-02
-1.220092773e-01
-2.095947266e-01
-8.746337891e-02
3.433227539e-02
-1.834716797e-01
2.223205566e-02
-5.484008789e-02
1.345825195e-02
-2.846679688e-01
-2.491760254e-02
-1.571044922e-01
-5.743408203e-02
-3.928222656e-01
8.032226562e-02
1.332092285e-02
-8.795166016e-02
-8.972167969e-02
8.148193359e-02
7.678222656e-02
-1.211547852e-01
3.334045410e-03
-2.117919922e-01
3.808593750e-02
-1.406250000e-01
-2.335205078e-01
-1.309814453e-01
-1.104736328e-01
1.124267578e-01
1.457519531e-01
-1.472167969e-01
-1.484375000e-01
2.781677246e-02
-1.225280762e-02
-7.580566406e-02
-9.063720703e-02
-2.396240234e-01
1.568603516e-02
-9.796142578e-02
-7.336425781e-02
-8.428955078e-02
-5.146484375e-01
-1.046752930e-01
-2.385253906e-01
-1.046752930e-01
-2.060546875e-01
-8.721923828e-02
3.841400146e-03
5.546569824e-03
-9.521484375e-02
-2.148437500e-02
-1.341552734e-01
-2.247314453e-01
-1.232910156e-01
-7.897949219e-02
-1.634521484e-01
-3.424072266e-02
-4.095458984e-02
5.902099609e-02
4.299163818e-03
-7.714843750e-02
6.811523438e-02
-2.265930176e-02
1.026916504e-02
-1.270751953e-01
2.285766602e-02
2.241516113e-02
-8.111572266e-02
5.950927734e-02
4.171752930e-02
9.326171875e-02
9.576416016e-02
-8.026123047e-02
-4.077148438e-02
-2.438354492e-02
-8.428955078e-02
8.911132812e-02
8.868408203e-02
7.397460938e-02
-6.628417969e-02
1.166534424e-02
-1.179199219e-01
-1.921386719e-01
-6.567382812e-02
-9.132385254e-03
-3.799438477e-02
-7.186889648e-03
-9.483337402e-03
-1.189575195e-01
-2.492675781e-01
2.758789062e-02
-1.717529297e-01
-1.159057617e-01
3.756713867e-02
-1.208496094e-02
1.580810547e-01
-1.501464844e-01
-4.287719727e-02
7.757568359e-02
6.756591797e-02
1.339721680e-02
2.427978516e-01
4.605102539e-02
-1.156005859e-01
-3.317260742e-02
-1.611709595e-03
-4.449462891e-02
-1.467285156e-01
-1.667480469e-01
-1.673583984e-01
-4.697265625e-01
3.107910156e-01
3.234863281e-02
2.738952637e-02
-6.519317627e-03
-3.372192383e-02
1.279115677e-04
-1.441650391e-01
-1.409912109e-01
-3.665161133e-02
1.331787109e-01
5.584716797e-03
-1.274414062e-01
8.917236328e-02
3.179931641e-02
5.316162109e-02
-8.575439453e-02
-3.912353516e-02
5.603027344e-02
2.539062500e-01
-9.765625000e-02
9.332275391e-02
-4.748535156e-02
-1.068725586e-01
1.679687500e-01
-1.076049805e-01
8.154296875e-02
-1.469726562e-01
-1.951904297e-01
-1.160888672e-01
-1.072998047e-01
-3.240966797e-02
-2.211914062e-01
3.616333008e-02
-6.057739258e-03
-9.893798828e-02
-8.172607422e-02
-4.885864258e-02
-1.890659332e-04
-1.368408203e-01
-1.831054688e-01
1.174926758e-02
-1.041259766e-01
7.452392578e-02
1.145019531e-01
-1.776123047e-01
-2.174072266e-01
-2.702331543e-02
-1.065063477e-01
-9.375000000e-02
2.201843262e-02
-1.079711914e-01
-1.673583984e-01
-1.074218750e-01
-4.492187500e-02
-2.152099609e-01
7.586669922e-02
-1.457519531e-01
-1.372070312e-01
9.606933594e-02
5.828857422e-02
-2.137756348e-02
-6.234741211e-02
-8.956909180e-03
-1.636962891e-01
-7.987976074e-03
3.326416016e-02
-6.506347656e-02
1.669311523e-02
1.133728027e-02
1.387939453e-01
1.076049805e-01
1.140747070e-01
1.248779297e-01
-4.428100586e-02
-4.525756836e-02
-7.476806641e-02
-8.068847656e-02
-1.982421875e-01
3.863525391e-02
-9.313964844e-02
-1.028442383e-01
-6.008911133e-02
5.161132812e-01
-1.086425781e-01
3.994750977e-02
-5.902099609e-02
2.076416016e-01
-1.157836914e-01
2.056884766e-02
1.296386719e-01
-1.249694824e-02
-6.988525391e-02
8.183593750e-01
-2.479248047e-01
-5.459594727e-02
1.246948242e-01
7.519531250e-02
2.111816406e-02
-6.048583984e-02
5.551147461e-02
6.507873535e-03
2.407836914e-02
-1.274414062e-01
3.988647461e-02
1.444091797e-01
2.858886719e-01
-6.268310547e-02
-1.766357422e-01
-5.569458008e-03
-5.374145508e-02
7.812500000e-01
-9.552001953e-02
9.497070312e-02
2.897949219e-01
2.229309082e-02
3.298950195e-02
8.953857422e-02
-2.030029297e-01
1.771240234e-01
8.673095703e-02
4.641723633e-02
1.954345703e-01
-1.335449219e-01
7.611083984e-02
1.229858398e-01
-6.457519531e-02
-8.508300781e-02
-5.297851562e-02
1.101074219e-01
-1.770019531e-01
-4.376220703e-02
-5.236816406e-02
-7.025146484e-02
1.738281250e-01
9.649658203e-02
-1.461181641e-01
1.034545898e-01
2.673339844e-01
-4.257812500e-01
6.658935547e-02
4.924316406e-01
1.048583984e-01
-7.025146484e-02
-2.061767578e-01
-8.789062500e-02
-3.729248047e-02
-3.422851562e-01
-1.229858398e-01
7.232666016e-03
1.918945312e-01
1.883544922e-01
-1.723632812e-01
-1.154174805e-01
1.132202148e-01
-1.341552734e-01
-2.797851562e-01
4.830932617e-02
8.404541016e-02
-1.536865234e-01
-4.748535156e-02
4.243164062e-01
3.518066406e-01
-6.726074219e-02
2.349853516e-01
4.919433594e-02
-9.887695312e-02
-1.082763672e-01
6.384277344e-02
8.050537109e-02
-1.153564453e-01
-1.117553711e-01
-1.418457031e-01
1.035156250e-01
-6.275177002e-03
4.071044922e-02
-1.133422852e-01
-1.889038086e-02
-4.169464111e-03
-7.574462891e-02
-1.815795898e-03
1.014404297e-01
-5.557250977e-02
-2.618408203e-02
-8.764648438e-02
-1.374511719e-01
-2.066650391e-01
1.425170898e-02
2.073974609e-01
-3.738403320e-02
-3.601074219e-02
-1.685142517e-03
-9.820556641e-02
-2.152099609e-01
-1.899414062e-01
3.031921387e-02
-1.790771484e-01
-1.582031250e-01
-4.217529297e-02
7.217407227e-03
-1.437988281e-01
5.664062500e-02
-1.147460938e-01
2.375793457e-02
2.268981934e-02
-1.358032227e-02
8.093261719e-02
-8.996582031e-02
2.026367188e-01
-6.652832031e-02
-1.290283203e-01
-5.191040039e-02
3.750610352e-02
-4.287719727e-02
3.930664062e-02
8.886718750e-02
-5.017089844e-02
-9.515380859e-02
-2.885742188e-01
2.919921875e-01
-8.532714844e-02
1.520996094e-01
2.746582031e-03
-1.505126953e-01
2.017211914e-02
1.160888672e-01
-1.522216797e-01
-1.118164062e-01
1.920166016e-01
2.103271484e-01
1.893615723e-02
-1.265869141e-01
1.644287109e-01
6.801605225e-03
-1.432418823e-03
-7.342529297e-02
3.664550781e-01
-1.115722656e-01
1.215209961e-01
-2.526855469e-01
-5.795288086e-02
8.331298828e-02
3.872680664e-02
6.507873535e-03
-9.564208984e-02
-4.418945312e-02
-1.143646240e-02
2.763366699e-02
2.737426758e-02
-1.792907715e-02
-1.274414062e-01
1.729736328e-01
-3.129882812e-01
-3.092956543e-02
-2.729492188e-01
2.358398438e-01
8.674621582e-03
-7.727050781e-02
4.742431641e-02
1.711425781e-01
1.402587891e-01
-7.910156250e-02
-3.930664062e-02
1.074218750e-01
-1.939697266e-01
9.179687500e-02
2.307128906e-02
-4.821777344e-02
-1.157836914e-01
-1.817321777e-02
5.673828125e-01
-1.417236328e-01
-6.634521484e-02
-1.884460449e-02
4.180908203e-02
-7.452392578e-02
-6.130981445e-02
2.661132812e-01
-2.427673340e-02
-2.047119141e-01
4.121093750e-01
-1.046752930e-01
-9.985351562e-02
-2.489013672e-01
-1.364746094e-01
-4.794311523e-02
2.660751343e-03
-2.066650391e-01
3.632812500e-01
2.300262451e-03
-4.956054688e-02
6.341552734e-02
2.734375000e-01
5.195617676e-03
-9.545898438e-02
-4.150390625e-02
3.009796143e-03
4.934692383e-02
-1.527099609e-01
1.694335938e-01
-1.533203125e-01
3.503417969e-02
-7.586669922e-02
-6.384277344e-02
-2.119140625e-01
-1.511383057e-02
3.326416016e-02
-2.445983887e-02
-9.906005859e-02
-9.088134766e-02
-1.304931641e-01
-1.551055908e-02
-3.167724609e-02
1.762390137e-02
3.092956543e-02
3.671875000e-01
-5.139160156e-02
-1.215209961e-01
5.355834961e-02
-2.744140625e-01
-8.343505859e-02
-2.321777344e-01
1.809692383e-02
-9.039306641e-02
-9.231567383e-04
-1.375732422e-01
-2.012939453e-01
-3.442382812e-02
-6.088256836e-02
-1.933593750e-01
-3.753662109e-02
-4.248046875e-02
7.312011719e-02
4.162597656e-02
-8.801269531e-02
2.368164062e-02
-9.222412109e-02
9.747314453e-02
5.619049072e-03
2.629089355e-02
-6.701660156e-02
-1.384277344e-01
1.336669922e-01
3.939819336e-02
3.518676758e-02
-1.679687500e-01
-5.749511719e-02
-1.139831543e-02
1.092529297e-01
-7.647705078e-02
1.227416992e-01
-2.497863770e-02
7.080078125e-02
1.765136719e-01
8.306884766e-02
5.624389648e-02
-1.405029297e-01
1.027221680e-01
-2.404785156e-02
-9.078979492e-03
2.621459961e-02
4.135131836e-02
-6.536865234e-02
-1.671142578e-01
-1.483154297e-01
-2.110290527e-02
-1.816406250e-01
7.531738281e-02
-3.442382812e-02
5.334472656e-02
-2.697753906e-01
-2.108812332e-04
9.356689453e-02
3.009033203e-02
-1.248168945e-01
2.359619141e-01
2.207031250e-01
5.160522461e-02
8.905029297e-02
-1.303710938e-01
-9.899902344e-02
-1.859130859e-01
-2.553710938e-01
-1.190185547e-01
3.278808594e-01
1.451171875e+00
7.312011719e-02
-1.041259766e-01
2.238464355e-02
1.049804688e-01
5.313110352e-02
-1.815185547e-01
-4.436035156e-01
3.744506836e-02
1.503906250e-01
5.102539062e-02
8.276367188e-02
-7.067871094e-02
1.036987305e-01
-1.087036133e-01
6.878662109e-02
3.016662598e-02
2.024841309e-02
3.046875000e-01
-7.031250000e-02
-5.184936523e-02
-8.026123047e-02
2.714538574e-02
2.678222656e-01
-1.042480469e-01
2.262878418e-02
-1.922607422e-01
-7.476806641e-02
2.949218750e-01
1.224517822e-02
-7.431030273e-03
-6.536865234e-02
-5.010986328e-02
-1.951217651e-03
1.823730469e-01
-3.939819336e-02
2.205810547e-01
1.290283203e-01
-4.127502441e-03
-1.138305664e-01
-2.081298828e-01
-1.166381836e-01
-2.716064453e-02
1.079711914e-01
-1.115417480e-02
-7.098388672e-02
-1.256561279e-02
-4.626464844e-02
8.947753906e-02
-8.087158203e-02
-1.130981445e-01
-1.328125000e-01
-9.313964844e-02
-7.086181641e-02
3.083496094e-01
-1.484375000e-01
-1.906738281e-01
-4.556274414e-02
8.117675781e-03
-1.123657227e-01
2.546310425e-03
-4.968261719e-02
-3.717041016e-02
9.197998047e-02
-9.735107422e-02
3.464355469e-01
3.350830078e-02
3.002929688e-02
1.065673828e-01
7.257080078e-02
-3.659667969e-01
-6.015014648e-02
-9.844970703e-02
2.586364746e-02
-9.283447266e-02
-2.065429688e-01
3.830566406e-01
-3.710937500e-01
-1.398468018e-02
-1.523437500e-01
-1.451416016e-01
1.057739258e-01
7.128906250e-01
-1.794433594e-01
1.098632812e-01
-4.681396484e-02
7.196044922e-02
-2.017822266e-01
-4.324340820e-02
2.195739746e-02
1.684570312e-01
1.273345947e-02
-8.867187500e-01
-1.486816406e-01
-6.335449219e-02
1.397705078e-01
-8.813476562e-02
5.670166016e-02
-4.956054688e-02
9.649658203e-02
-6.280517578e-02
-8.575439453e-02
-9.594726562e-02
-6.512451172e-02
2.460479736e-03
-7.507324219e-02
-2.664184570e-02
5.722045898e-03
2.407836914e-02
-3.369140625e-02
1.166534424e-02
1.568603516e-01
-6.817626953e-02
8.076171875e-01
-1.241455078e-01
1.198120117e-01
-1.406250000e-01
1.155395508e-01
-1.865234375e-01
-7.391357422e-02
-1.981201172e-01
-6.275177002e-03
4.663085938e-02
2.103271484e-01
-2.009582520e-02
6.701660156e-02
-1.119995117e-01
7.653808594e-02
6.210327148e-03
-1.361083984e-01
-1.356201172e-01
-1.478271484e-01
4.730224609e-02
1.422119141e-01
1.419677734e-01
3.000259399e-03
1.711425781e-01
-3.684082031e-01
2.526855469e-02
4.037475586e-02
-1.599121094e-02
3.396987915e-03
1.408691406e-01
7.861328125e-02
8.865356445e-03
1.185302734e-01
-2.247619629e-02
-3.501892090e-03
-1.110229492e-01
-1.507568359e-01
-1.459960938e-01
8.537292480e-03
-3.732299805e-02
1.030883789e-01
-1.336669922e-02
6.768798828e-02
6.933593750e-02
2.484130859e-02
-5.706787109e-02
-7.373046875e-02
2.558593750e-01
-2.310791016e-01
7.196044922e-02
1.156005859e-01
-1.468505859e-01
-1.154327393e-02
9.405517578e-02
5.474853516e-02
-2.041625977e-02
3.231811523e-02
-8.166503906e-02
-7.324218750e-02
5.880737305e-02
-5.261230469e-02
5.981445312e-02
-3.717041016e-02
1.493072510e-02
-2.040100098e-02
1.707763672e-01
-2.102661133e-02
2.568054199e-02
-7.971191406e-02
-1.165771484e-01
-1.214599609e-01
-8.184814453e-02
-9.472656250e-02
1.256561279e-02
3.890991211e-02
4.132080078e-02
-9.423828125e-02
-1.442871094e-01
1.228637695e-01
-1.553955078e-01
-1.038208008e-01
-4.810333252e-03
-5.001831055e-02
4.910278320e-02
1.519012451e-02
4.138183594e-02
-1.632080078e-01
4.739379883e-02
-9.124755859e-02
-6.222534180e-02
-8.917236328e-02
2.003479004e-02
-2.560424805e-02
1.031494141e-02
-1.932373047e-01
8.956909180e-03
1.412200928e-02
8.551025391e-02
-1.771240234e-01
5.764007568e-03
-6.066894531e-02
-1.202392578e-01
-1.195526123e-02
1.326904297e-01
-1.161193848e-02
1.618652344e-01
-2.627563477e-02
2.429199219e-01
1.058197021e-02
3.460693359e-02
4.187011719e-02
-2.324218750e-01
1.295166016e-01
1.374511719e-01
3.059082031e-01
-2.497558594e-01
3.161621094e-02
-1.259765625e-01
2.030944824e-02
-4.248046875e-02
5.569458008e-02
1.087188721e-02
-4.806518555e-03
-1.556396484e-01
6.141662598e-03
-1.256103516e-01
3.717041016e-02
-1.484375000e-01
-7.910156250e-02
-1.945800781e-01
9.082031250e-02
8.489990234e-02
-7.995605469e-02
-2.293701172e-01
6.017684937e-04
2.102661133e-02
-7.659912109e-02
-3.053665161e-03
-1.831054688e-01
2.071533203e-01
-4.765625000e-01
-6.341552734e-02
1.054077148e-01
3.454589844e-02
9.094238281e-02
-2.302246094e-01
-2.069091797e-01
1.511230469e-01
7.098388672e-02
-2.205810547e-01
1.159667969e-01
4.028320312e-02
1.687622070e-02
1.409149170e-02
-1.835937500e-01
-3.521728516e-02
-1.666259766e-01
2.166748047e-03
-4.580688477e-02
1.968994141e-01
2.016601562e-01
-1.976013184e-02
4.086303711e-02
-7.574462891e-02
-8.489990234e-02
-8.880615234e-02
1.408691406e-01
-1.035308838e-02
-9.655952454e-04
-2.938842773e-02
-2.124023438e-02
-4.898071289e-02
-8.441162109e-02
-2.529144287e-03
-2.751464844e-01
-1.348876953e-01
-3.652954102e-02
-1.168212891e-01
-2.271728516e-01
1.018066406e-01
5.554199219e-02
9.454345703e-02
1.445312500e-01
-1.475830078e-01
4.858398438e-02
8.285522461e-03
-2.348632812e-01
-5.343627930e-02
1.531982422e-01
1.416015625e-01
1.453857422e-01
7.037353516e-02
8.813476562e-02
-4.641723633e-02
-2.092285156e-01
-2.880859375e-02
5.200195312e-02
-2.320556641e-01
-2.148437500e-02
-1.617431641e-01
2.680969238e-02
4.721069336e-02
1.094360352e-01
3.485107422e-02
-1.132202148e-01
5.346679688e-02
2.626953125e-01
4.055786133e-02
-3.268432617e-02
-2.986145020e-02
7.940673828e-02
-9.124755859e-02
-1.405029297e-01
2.482910156e-01
-3.778076172e-02
1.011352539e-01
-9.448242188e-02
-2.600097656e-02
3.710937500e-02
-2.301025391e-01
5.484008789e-02
1.923828125e-01
4.000854492e-02
1.900634766e-01
-3.268432617e-02
1.486816406e-01
1.535644531e-01
-5.886840820e-02
-1.275634766e-01
8.074951172e-02
1.141967773e-01
-4.101562500e-02
-1.871337891e-01
-5.169677734e-02
9.478759766e-02
-9.620666504e-03
1.216430664e-01
-4.543304443e-03
3.942871094e-02
-1.350097656e-01
2.297363281e-01
1.575927734e-01
-2.724609375e-01
4.891967773e-02
-1.736450195e-02
-8.245849609e-02
-2.631835938e-01
-6.005859375e-02
-3.976440430e-02
-2.171630859e-01
8.526611328e-02
1.846313477e-02
-2.880859375e-02
-5.029296875e-02
5.755615234e-02
-2.609252930e-02
-8.807373047e-02
1.965332031e-02
-7.666015625e-02
3.494262695e-02
1.911621094e-01
-2.917480469e-01
-2.597656250e-01
3.967285156e-02
-1.425170898e-02
-8.377075195e-03
-4.931640625e-02
-3.964233398e-02
-1.475830078e-01
5.886840820e-02
-8.819580078e-02
5.581054688e-01
7.617187500e-02
-8.892822266e-02
-1.409912109e-01
1.523437500e-01
-9.991455078e-02
-6.439208984e-02
3.646850586e-02
6.301879883e-03
2.221679688e-01
-2.327880859e-01
5.108642578e-02
-3.787231445e-02
-2.785644531e-01
2.105712891e-01
-1.721191406e-02
-4.949951172e-02
3.775024414e-02
5.292968750e-01
-1.193237305e-02
-7.299804688e-02
-4.046630859e-02
-1.207275391e-01
1.901855469e-01
-1.029052734e-01
-2.377929688e-01
-3.320312500e-01
9.045410156e-02
3.188476562e-01
-8.438110352e-03
4.846191406e-02
6.381988525e-03
1.822509766e-01
-6.397247314e-03
-5.648803711e-02
-8.520507812e-02
-1.103515625e-01
-2.419433594e-01
1.938476562e-01
-5.276489258e-02
6.329345703e-02
2.731933594e-01
9.722900391e-02
-6.634521484e-02
1.463623047e-01
-1.300811768e-02
3.402709961e-02
9.985351562e-02
-8.764648438e-02
-1.096801758e-01
1.860046387e-02
8.709716797e-02
-1.205444336e-01
-1.805419922e-01
-1.677246094e-01
1.805114746e-02
8.776855469e-02
1.039428711e-01
-8.178710938e-02
-5.786132812e-02
-1.317138672e-01
1.295166016e-01
3.976440430e-02
3.195190430e-02
1.715087891e-01
1.673583984e-01
5.184936523e-02
1.925048828e-01
1.249389648e-01
1.657714844e-01
6.256103516e-02
2.258300781e-01
2.587890625e-01
-1.364746094e-01
5.328369141e-02
-7.583618164e-03
6.649017334e-03
-3.215332031e-01
1.580810547e-02
-8.277893066e-03
6.439208984e-02
-2.183837891e-01
-2.893066406e-01
1.962890625e-01
1.358642578e-01
-2.665710449e-02
7.416992188e-01
8.740234375e-02
-1.711425781e-01
-2.500534058e-03
1.445312500e-01
7.873535156e-02
1.519775391e-01
4.708862305e-02
1.889648438e-01
5.047607422e-02
1.144409180e-01
-1.679658890e-04
-6.970214844e-02
-1.130676270e-02
5.361938477e-02
7.006835938e-02
-3.310546875e-01
-1.196289062e-02
-3.176879883e-02
1.118164062e-01
-6.884765625e-02
-1.239624023e-01
1.154174805e-01
-1.193237305e-01
2.697753906e-01
-4.705810547e-02
1.901855469e-01
-3.784179688e-02
7.391357422e-02
1.571044922e-01
1.765441895e-02
-3.671264648e-02
1.624755859e-01
1.367187500e-01
9.594726562e-02
-6.317138672e-02
-1.297607422e-01
-1.158905029e-02
5.438232422e-02
1.964111328e-01
-1.284179688e-01
-1.503906250e-01
1.912841797e-01
2.311706543e-02
1.184082031e-02
7.092285156e-02
-1.799316406e-01
4.180908203e-02
1.801757812e-01
-3.314208984e-02
-7.977294922e-02
2.739257812e-01
-3.814697266e-02
-5.694580078e-02
1.538085938e-01
6.750488281e-02
1.757812500e-01
-1.265869141e-01
-2.648925781e-01
1.372070312e-01
-7.897949219e-02
-1.006469727e-01
9.124755859e-02
1.128540039e-01
2.072753906e-01
-1.217651367e-01
-1.451110840e-02
2.103271484e-01
1.660156250e-01
-3.161621094e-01
1.297607422e-01
6.311035156e-02
4.098510742e-02
9.729003906e-02
1.459960938e-01
3.166503906e-01
-1.002807617e-01
4.986572266e-02
1.385498047e-01
-4.684448242e-02
5.435180664e-02
1.525878906e-01
1.407470703e-01
7.385253906e-02
3.466796875e-02
2.896118164e-02
5.429077148e-02
-6.173706055e-02
3.976440430e-02
-1.405029297e-01
-4.339599609e-02
1.936340332e-02
-2.049560547e-01
-2.055358887e-02
9.185791016e-03
-2.137756348e-02
5.389404297e-02
-9.600830078e-02
1.911926270e-02
-1.657714844e-01
-4.788208008e-02
7.562255859e-02
-6.970214844e-02
2.768554688e-01
-1.054687500e-01
-1.119995117e-02
-1.748046875e-01
-9.240722656e-02
6.149291992e-02
-1.224975586e-01
9.545898438e-02
-6.195068359e-02
5.938720703e-02
9.814453125e-02
8.766174316e-03
3.634643555e-02
6.427001953e-02
-7.000732422e-02
1.219177246e-02
6.805419922e-02
-8.892822266e-02
1.607666016e-01
1.160430908e-02
-9.594726562e-02
8.624267578e-02
2.815246582e-02
1.790771484e-01
5.136108398e-02
1.628417969e-01
1.550292969e-02
1.456298828e-01
-1.757812500e-01
2.181396484e-01
-2.820968628e-03
4.022216797e-02
8.526611328e-02
3.732299805e-02
9.863281250e-02
1.362304688e-01
-7.983398438e-02
-8.422851562e-03
2.604980469e-01
4.558105469e-01
9.216308594e-02
-1.679687500e-01
5.764770508e-02
-1.280975342e-02
1.791381836e-02
1.681518555e-02
-1.035156250e-01
4.660034180e-02
5.731201172e-02
-2.502441406e-01
-1.552734375e-01
2.066650391e-01
4.943847656e-02
9.503173828e-02
-6.091308594e-02
-5.596923828e-02
-3.793334961e-02
1.400146484e-01
-4.934692383e-02
1.109619141e-01
-2.154541016e-02
2.397460938e-01
4.364013672e-02
1.215820312e-01
-3.190917969e-01
1.097412109e-01
-1.082153320e-01
-3.037109375e-01
-3.576660156e-02
2.049560547e-01
1.951904297e-01
-3.080749512e-02
-9.121894836e-04
1.842041016e-01
-2.275390625e-01
-9.503173828e-02
2.438354492e-02
6.225585938e-02
1.195526123e-02
7.928466797e-02
3.134765625e-01
-5.886840820e-02
-1.743164062e-01
-9.197998047e-02
-2.377319336e-02
-1.591796875e-01
5.047607422e-02
9.240722656e-02
1.040649414e-01
-7.202148438e-02
2.993164062e-01
1.623535156e-01
2.169189453e-01
-3.395996094e-01
1.387786865e-02
-9.136962891e-02
1.612854004e-02
-2.722167969e-01
3.251953125e-01
1.187133789e-01
-2.571105957e-02
-6.079101562e-02
3.693847656e-01
8.056640625e-02
-1.276855469e-01
-1.719665527e-02
-3.735351562e-02
1.171264648e-01
5.334472656e-02
8.026123047e-02
-1.323242188e-01
1.347351074e-02
1.402587891e-01
5.834960938e-02
-4.824829102e-02
-5.737304688e-02
9.674072266e-02
5.328369141e-02
-3.910064697e-03
-1.668701172e-01
1.132965088e-03
3.128051758e-02
6.585693359e-02
-1.624755859e-01
-4.647827148e-02
6.391601562e-01
7.732391357e-03
-3.277587891e-02
-1.968383789e-03
-1.854248047e-01
6.030273438e-02
1.707458496e-02
4.035949707e-03
-1.970214844e-01
2.329101562e-01
-1.385498047e-01
-1.335449219e-01
-1.289062500e-01
-8.801269531e-02
9.178161621e-03
4.434204102e-02
-3.845214844e-02
4.449462891e-02
6.768798828e-02
-1.163940430e-01
2.331542969e-02
1.045989990e-02
1.632080078e-01
-2.177734375e-01
3.698730469e-02
1.829833984e-01
4.763793945e-02
1.898193359e-01
2.653808594e-01
1.729736328e-01
7.092285156e-02
2.433776855e-02
6.311035156e-02
9.936523438e-02
-2.019882202e-03
1.970214844e-01
1.651000977e-02
3.262329102e-02
-1.182556152e-02
9.681701660e-03
-1.937255859e-01
-1.419677734e-01
7.747650146e-03
-5.176544189e-03
-1.215820312e-01
8.386230469e-02
1.358795166e-02
-8.935546875e-02
-1.267089844e-01
-3.219604492e-02
-2.337646484e-02
-2.237548828e-01
1.026000977e-01
1.106567383e-01
2.766113281e-01
1.437988281e-01
-1.724243164e-02
-1.789550781e-01
-1.100463867e-01
1.638183594e-01
3.674316406e-01
8.245849609e-02
-4.814147949e-03
1.295166016e-01
-7.690429688e-02
-6.024169922e-02
-1.340332031e-01
1.922607422e-02
-8.215332031e-02
6.352539062e-01
3.537597656e-01
1.274414062e-01
1.309814453e-01
-8.471679688e-02
1.116943359e-01
1.855468750e-02
7.836914062e-02
-4.101562500e-02
5.914306641e-02
2.995605469e-01
-3.221511841e-03
7.202148438e-02
9.942626953e-02
1.419677734e-01
9.991455078e-02
-6.329345703e-02
-2.314758301e-02
-3.863525391e-02
2.961425781e-01
7.336425781e-02
-1.837158203e-01
1.038208008e-01
-1.783447266e-01
3.234863281e-01
-9.619140625e-02
2.541503906e-01
-1.289062500e-01
1.135253906e-01
9.436035156e-02
2.972412109e-02
-9.405517578e-02
-2.213134766e-01
3.848266602e-02
-6.933593750e-02
1.169433594e-01
-1.323699951e-03
2.919921875e-01
1.051635742e-01
1.198120117e-01
-1.110839844e-01
2.225341797e-01
2.521972656e-01
2.036132812e-01
-1.934814453e-02
2.935791016e-02
-9.112548828e-02
-2.014160156e-02
-1.193847656e-01
-1.626586914e-02
6.280517578e-02
-5.770874023e-02
-2.758789062e-02
-9.063720703e-02
-5.382537842e-03
6.469726562e-02
-1.238250732e-02
-1.374511719e-01
-3.076171875e-02
-4.156494141e-02
1.303710938e-01
1.750183105e-02
-1.622009277e-02
5.001831055e-02
