-5.731201172e-02
7.745361328e-02
-1.015625000e-01
-3.710937500e-02
-1.341552734e-01
4.818725586e-02
-1.006469727e-01
-1.993408203e-01
-2.690429688e-01
-2.868652344e-01
-5.776977539e-02
-8.685302734e-02
6.359863281e-02
-8.392333984e-02
1.519775391e-01
3.591918945e-02
-6.854248047e-02
-1.795654297e-01
-2.017822266e-01
1.739501953e-01
-1.306152344e-01
-2.874755859e-02
-2.516174316e-02
2.296142578e-01
-1.004028320e-01
-8.026123047e-02
-2.434082031e-01
-5.703735352e-02
-4.037475586e-02
-1.081542969e-01
-2.202148438e-01
-1.890869141e-01
-1.514892578e-01
-1.345214844e-01
1.938476562e-01
-7.373046875e-02
-2.909851074e-02
-1.198120117e-01
-5.032348633e-02
-4.925537109e-02
3.402709961e-03
-2.248535156e-01
-1.251220703e-01
-1.281738281e-01
-2.400207520e-02
-2.053833008e-02
-1.180419922e-01
-7.579803467e-03
1.872558594e-01
3.964233398e-02
-1.080932617e-01
5.902099609e-02
-7.846679688e-01
-1.301269531e-01
-1.298828125e-01
-3.289794922e-02
-8.398437500e-02
5.395507812e-02
8.514404297e-02
2.573242188e-01
8.282470703e-02
-5.972290039e-02
-2.595214844e-01
2.246093750e-01
5.297851562e-02
-1.305389404e-02
-3.061523438e-01
-1.347656250e-01
6.622314453e-02
-6.585693359e-02
-8.598327637e-03
-1.281738281e-01
-1.701354980e-02
-1.256103516e-01
-1.134643555e-01
1.170654297e-01
1.048583984e-01
-1.431884766e-01
3.875732422e-02
-1.394271851e-03
-3.994750977e-02
-3.128051758e-02
-1.244506836e-01
2.037353516e-01
-6.304931641e-02
-2.020263672e-02
1.918945312e-01
-9.667968750e-02
-6.597900391e-02
-1.065673828e-01
1.795959473e-02
-1.071166992e-02
-2.696228027e-02
-3.582763672e-02
-6.567382812e-02
8.827209473e-03
-1.383056641e-01
-2.695312500e-01
-5.700683594e-02
8.689880371e-03
9.655761719e-02
-1.306152344e-01
8.117675781e-03
-5.169677734e-02
-3.016662598e-02
-2.087402344e-01
3.122558594e-01
-5.160522461e-02
-3.164672852e-02
4.125976562e-02
-2.054443359e-01
8.703613281e-02
3.725585938e-01
-4.769897461e-02
2.799987793e-02
-1.918945312e-01
3.189086914e-03
-1.390380859e-01
-9.326171875e-02
-2.495117188e-01
9.414672852e-03
5.325317383e-02
-1.816406250e-01
-7.775878906e-02
-2.104492188e-01
-2.758789062e-01
-1.926269531e-01
-1.466064453e-01
5.902099609e-02
-4.531860352e-02
-2.341308594e-01
-1.284179688e-01
-1.099243164e-01
-2.287597656e-01
-4.937744141e-02
-2.947998047e-02
-2.524414062e-01
-3.591918945e-02
1.395263672e-01
-1.134033203e-01
-4.306030273e-02
-3.004074097e-03
4.638671875e-02
4.992675781e-02
-1.567382812e-01
-7.202148438e-02
4.452514648e-02
-1.573486328e-01
-3.759765625e-02
-7.879638672e-02
-1.221923828e-01
-2.473144531e-01
-8.929443359e-02
1.066894531e-01
-1.484680176e-02
-1.256103516e-01
-1.461181641e-01
4.122924805e-02
-8.459472656e-02
5.596923828e-02
-2.491760254e-02
-7.727050781e-02
-1.871337891e-01
-1.927490234e-01
-8.300781250e-02
1.244506836e-01
-2.424621582e-02
-1.993408203e-01
8.557128906e-02
-4.934692383e-02
-1.101074219e-01
5.865478516e-02
-2.692871094e-01
-1.127319336e-01
5.990600586e-02
2.203369141e-02
2.888488770e-02
-1.697998047e-01
-5.703735352e-02
1.541137695e-02
-1.934814453e-01
5.615234375e-02
-2.030029297e-01
-9.680175781e-02
-3.390502930e-02
-2.783203125e-02
-1.248779297e-01
-3.637695312e-02
6.701660156e-02
-2.558898926e-02
-9.231567383e-03
-5.905151367e-02
-7.885742188e-02
-7.159423828e-02
-1.949462891e-01
-1.628417969e-01
2.180480957e-02
1.757812500e-02
-6.542968750e-02
1.249313354e-03
-2.336120605e-02
-8.709716797e-02
-3.921508789e-02
-1.134033203e-01
-1.036376953e-01
-1.453857422e-01
-1.571655273e-02
-1.712646484e-01
-1.271972656e-01
-3.728027344e-01
-1.791992188e-01
-1.032104492e-01
-3.359375000e-01
-1.539611816e-02
9.552001953e-02
-1.520996094e-01
2.250671387e-02
-3.435058594e-01
-2.695312500e-01
1.181793213e-02
-5.630493164e-02
1.806640625e-01
-5.004882812e-02
-1.326904297e-01
-2.495117188e-01
-1.242065430e-01
-2.695312500e-01
-5.407714844e-02
1.561279297e-01
-1.377868652e-02
-7.282257080e-03
-7.720947266e-02
-1.964111328e-01
7.440185547e-02
-7.751464844e-02
9.710693359e-02
-1.461181641e-01
-1.555175781e-01
1.605224609e-01
-1.134033203e-01
-9.405517578e-02
-4.928588867e-02
3.887939453e-02
-1.595458984e-01
1.112060547e-01
5.233764648e-02
5.007934570e-02
1.540374756e-02
6.182861328e-02
-1.035156250e-01
-1.053466797e-01
-5.725097656e-02
-1.513671875e-01
-2.244873047e-01
1.229248047e-01
8.435058594e-02
-6.433105469e-02
-1.724853516e-01
-2.476806641e-01
-2.915039062e-01
2.631835938e-01
-1.121215820e-01
-1.060180664e-01
-1.933593750e-01
-6.372070312e-02
-1.560058594e-01
1.444091797e-01
-2.065429688e-01
-2.504882812e-01
-1.884765625e-01
9.027099609e-02
-2.619628906e-01
7.330322266e-02
-5.737304688e-02
-7.012939453e-02
-8.795166016e-02
-2.494812012e-02
3.654479980e-03
-1.225585938e-01
-1.225585938e-01
4.632568359e-02
-1.027221680e-01
-3.891601562e-01
-6.774902344e-02
-1.450195312e-01
7.736206055e-03
3.161621094e-02
-7.954101562e-01
6.225585938e-02
-6.610107422e-02
-1.286621094e-01
-6.243896484e-02
5.368041992e-02
-2.971649170e-03
-1.395263672e-01
-1.161499023e-01
1.443481445e-02
-9.924316406e-02
1.223754883e-02
-1.505126953e-01
1.803588867e-02
4.238891602e-02
-1.249389648e-01
-1.486816406e-01
1.417160034e-03
-1.967773438e-01
1.298828125e-01
-4.131317139e-03
1.718139648e-02
-4.589843750e-02
-1.072998047e-01
-6.829833984e-02
9.338378906e-02
-7.934570312e-02
-1.317138672e-01
-6.020507812e-01
1.097412109e-01
-8.636474609e-02
1.542663574e-02
4.501342773e-02
1.691894531e-01
-4.096984863e-03
-1.174926758e-01
-1.257324219e-01
-2.326660156e-01
-1.126098633e-01
-4.437255859e-02
3.244018555e-02
1.364135742e-02
-2.868652344e-02
-3.449707031e-01
5.334472656e-02
-2.680969238e-02
-2.393798828e-01
-1.222534180e-01
-1.813964844e-01
5.531311035e-03
-5.563354492e-02
-2.565917969e-01
6.065368652e-04
-1.034545898e-01
-2.870559692e-03
-1.755371094e-01
-2.929687500e-02
-2.954101562e-01
-1.641845703e-01
-8.520507812e-02
-1.868896484e-01
-7.629394531e-02
-1.541900635e-02
-4.397583008e-02
-9.201049805e-03
-9.271240234e-02
4.254150391e-02
9.942626953e-02
8.514404297e-02
-3.982543945e-02
-1.565933228e-03
1.868896484e-01
-3.131103516e-02
9.997558594e-02
4.570007324e-03
-8.163452148e-03
-9.094238281e-02
-9.393310547e-02
-7.064819336e-03
3.469848633e-02
6.555175781e-02
-7.141113281e-02
1.203918457e-02
-1.988525391e-01
-3.500976562e-01
1.348876953e-01
9.698486328e-02
-6.060791016e-02
-2.617187500e-01
7.653808594e-02
-4.116821289e-02
-6.262207031e-02
-1.857910156e-01
-1.567077637e-02
-5.374145508e-02
2.717590332e-02
-1.382827759e-03
9.606933594e-02
9.197998047e-02
2.230224609e-01
5.517578125e-02
-1.221313477e-01
1.441650391e-01
-5.529785156e-02
-1.285400391e-01
-2.091979980e-02
4.440917969e-01
-1.580810547e-01
-5.355834961e-03
2.468261719e-01
-1.052856445e-01
-1.832580566e-02
1.178741455e-02
-1.520996094e-01
-1.481933594e-01
4.251098633e-02
2.537536621e-02
-9.442138672e-02
5.984497070e-02
-2.967834473e-02
1.827392578e-01
-1.226806641e-01
-1.947021484e-01
1.906738281e-01
1.234130859e-01
-1.987304688e-01
8.819580078e-02
-1.812744141e-01
-1.447753906e-01
-1.649169922e-01
-8.239746094e-02
5.627441406e-02
6.475830078e-02
-1.751708984e-01
-1.038818359e-01
-7.751464844e-02
-1.678466797e-02
1.380615234e-01
-9.600830078e-02
2.835083008e-02
5.278587341e-04
8.453369141e-02
1.282958984e-01
-1.705932617e-02
-1.037597656e-01
1.014404297e-01
-7.775878906e-02
-2.087402344e-01
-7.604980469e-02
-2.469482422e-01
-1.572265625e-01
-1.058349609e-01
3.745117188e-01
-1.369628906e-01
7.733154297e-02
2.788085938e-01
3.527832031e-02
-1.063232422e-01
1.017456055e-01
9.716796875e-02
2.139892578e-01
9.295654297e-02
-9.143066406e-02
-2.958984375e-01
-3.097534180e-02
3.344726562e-02
-8.477783203e-02
-2.691650391e-02
-1.480712891e-01
-9.954833984e-02
-7.220458984e-02
1.082763672e-01
-8.978271484e-02
-3.481445312e-01
-1.627197266e-01
-8.125305176e-03
1.368408203e-01
-2.990722656e-02
2.060546875e-01
-1.531982422e-01
1.708984375e-01
-5.609130859e-02
1.491699219e-01
1.511230469e-01
-1.480712891e-01
-1.387939453e-01
7.080078125e-02
-3.509521484e-02
-7.348632812e-02
3.414916992e-02
-8.935546875e-02
-1.287841797e-01
-8.642578125e-02
-1.318359375e-01
-1.883544922e-01
5.276489258e-02
-1.357421875e-01
1.647949219e-01
-6.311035156e-02
2.879333496e-02
-3.939819336e-02
-3.652954102e-02
1.237792969e-01
1.520507812e+00
-6.878662109e-02
-9.930419922e-02
3.915405273e-02
-1.011962891e-01
-6.130981445e-02
2.690429688e-01
-4.861450195e-02
4.171752930e-02
-5.181884766e-02
-9.881591797e-02
-1.279449463e-02
-5.239868164e-02
-2.362060547e-02
-4.891967773e-02
-1.441650391e-01
2.436523438e-01
1.128540039e-01
1.469726562e-01
-3.515625000e-01
-6.323242188e-02
-1.566162109e-01
-5.688476562e-02
-1.335449219e-01
-2.861328125e-01
-1.773681641e-01
-3.363037109e-02
-2.214355469e-01
-6.213378906e-02
-3.854370117e-02
-2.612304688e-01
4.208374023e-02
1.500244141e-01
7.739257812e-02
9.692382812e-01
-1.735839844e-01
4.522705078e-02
-1.323242188e-01
-1.625976562e-01
-5.093383789e-02
-1.364746094e-01
-1.926269531e-01
-2.783203125e-01
-3.317871094e-01
-1.491699219e-01
-1.875305176e-02
-2.871704102e-02
6.536865234e-02
-8.117675781e-02
-9.399414062e-02
-1.022949219e-01
-2.845764160e-02
-1.868896484e-01
-3.869628906e-02
-8.367919922e-02
-4.711914062e-02
-1.706542969e-01
1.760253906e-01
-1.707763672e-01
2.919006348e-02
4.290771484e-02
-1.008300781e-01
7.177734375e-02
1.127929688e-01
8.990478516e-02
-3.680419922e-02
-2.541503906e-01
5.828857422e-02
-6.488037109e-02
-1.492919922e-01
-8.165836334e-06
-2.709960938e-01
-6.085205078e-02
-3.967285156e-02
-1.931152344e-01
6.440429688e-01
-4.980468750e-02
-7.464599609e-02
-2.082519531e-01
8.825683594e-02
-2.218017578e-01
2.528381348e-02
2.381896973e-02
1.917724609e-01
-5.102539062e-02
-1.065063477e-02
-2.482604980e-02
-3.088378906e-02
-2.001953125e-01
-6.433105469e-02
1.486968994e-02
-2.787780762e-02
-2.114868164e-02
3.643798828e-02
1.509094238e-02
-4.473876953e-02
-9.820556641e-02
1.512451172e-01
8.428955078e-02
-2.116699219e-01
-6.335449219e-02
6.274414062e-02
7.739257812e-02
-3.212890625e-01
-1.139526367e-01
-3.195190430e-02
-2.491455078e-01
-3.326416016e-02
2.665710449e-02
-2.150878906e-01
-9.442138672e-02
-1.750488281e-01
-6.658935547e-02
-1.183319092e-02
2.131652832e-02
4.221191406e-01
-1.938476562e-01
-4.058837891e-03
-2.621459961e-02
-1.144409180e-01
-3.240966797e-02
-1.290283203e-01
8.917236328e-02
-5.825805664e-02
-1.339111328e-01
2.185058594e-01
-7.354736328e-02
-2.528381348e-02
-1.284179688e-01
-7.690429688e-02
4.086303711e-02
3.292846680e-02
-8.270263672e-02
-1.417236328e-01
-1.043090820e-01
-9.803771973e-03
3.741455078e-02
-3.460693359e-02
3.037109375e-01
-9.655761719e-02
-1.474761963e-02
-4.006958008e-02
8.819580078e-03
-2.819824219e-02
1.026916504e-02
3.387451172e-02
-2.909851074e-02
-7.977294922e-02
-1.014404297e-01
-1.724243164e-02
-1.290283203e-01
-5.819702148e-02
-7.794189453e-02
-1.451416016e-01
2.286376953e-01
4.571533203e-02
-2.204589844e-01
-2.038574219e-01
-5.407714844e-02
-2.310791016e-01
9.259033203e-02
6.210327148e-02
2.878417969e-01
-2.040100098e-02
1.136016846e-02
4.508972168e-03
-5.609130859e-02
1.132965088e-02
-2.329101562e-01
-8.612060547e-02
9.808349609e-02
-1.056518555e-01
1.164245605e-02
-2.148437500e-01
1.000366211e-01
6.152343750e-02
1.658935547e-01
1.416015625e-01
-8.508300781e-02
1.768798828e-01
2.957153320e-02
2.817382812e-01
-7.720947266e-02
-1.129760742e-01
-1.330566406e-01
1.108398438e-01
9.057617188e-02
-8.813476562e-02
-6.628417969e-02
-2.911376953e-02
-1.837158203e-01
-4.339599609e-02
1.606445312e-01
-1.285400391e-01
-9.484863281e-02
1.082763672e-01
-1.204223633e-01
-1.236572266e-01
4.916381836e-02
-2.849121094e-01
1.286621094e-01
-3.081054688e-01
-2.362060547e-01
-1.132812500e-01
-9.454345703e-02
-1.163940430e-01
-8.459472656e-02
2.536010742e-02
-7.043457031e-02
2.888183594e-01
3.219604492e-03
-1.439208984e-01
1.103515625e-01
6.207275391e-02
1.378173828e-01
2.755737305e-02
-1.817626953e-01
-1.354980469e-01
-1.379394531e-01
1.518554688e-01
-1.289062500e-01
-7.080078125e-02
-2.102661133e-02
-1.289062500e-01
-5.102539062e-01
1.851806641e-01
1.658935547e-01
-1.045532227e-01
-1.173706055e-01
-1.593017578e-01
1.903533936e-03
-5.734252930e-02
-1.124877930e-01
4.083251953e-02
-9.619140625e-02
-4.387207031e-01
-1.866455078e-01
4.837036133e-02
-3.166503906e-01
-1.043701172e-01
-1.961669922e-01
-2.418212891e-01
-4.080200195e-02
7.186889648e-03
-1.646728516e-01
1.795959473e-02
-8.659362793e-03
-2.033996582e-02
3.335571289e-02
3.921508789e-02
5.532836914e-02
-7.635498047e-02
-1.884765625e-01
-1.844787598e-02
-7.116699219e-02
-6.939697266e-02
-1.268310547e-01
-2.928161621e-02
-1.029663086e-01
-5.368041992e-02
1.597595215e-02
4.824829102e-02
9.965896606e-04
-6.188964844e-02
2.700195312e-01
3.271484375e-01
1.577758789e-02
-3.048706055e-02
1.422119141e-01
-3.107910156e-01
6.155395508e-02
-1.088256836e-01
-6.263732910e-03
-1.324462891e-01
9.239196777e-03
2.081298828e-02
-1.799316406e-01
1.378173828e-01
2.040863037e-03
-1.192626953e-01
2.070312500e-01
-1.907958984e-01
-6.280517578e-02
2.197265625e-01
-2.027893066e-02
-2.647399902e-02
8.691406250e-02
1.176757812e-01
9.078979492e-03
3.295898438e-02
-1.495361328e-01
-7.366943359e-02
-8.612060547e-02
5.874633789e-02
6.561279297e-03
-2.570152283e-04
-6.340026855e-03
-1.425781250e-01
-8.294677734e-02
8.012695312e-01
3.738403320e-02
2.379150391e-01
4.357910156e-02
-3.659057617e-02
-5.416870117e-02
-6.323242188e-02
1.416015625e-01
1.684570312e-01
-1.270751953e-01
-3.424072266e-02
-3.610229492e-02
-5.941772461e-02
-3.120117188e-01
-9.356689453e-02
-1.082763672e-01
-6.671142578e-02
-7.592773438e-02
-6.210327148e-02
3.063964844e-01
1.984863281e-01
-4.290771484e-02
3.494262695e-03
-1.896972656e-01
-1.387939453e-01
4.031372070e-02
-1.010131836e-01
1.361083984e-01
3.234863281e-02
6.231689453e-02
1.295166016e-01
-9.722900391e-02
1.549530029e-02
5.700683594e-02
8.648681641e-02
8.551025391e-02
1.616210938e-01
1.993408203e-01
-2.786254883e-02
1.324462891e-01
4.876708984e-02
-2.163085938e-01
2.773437500e-01
-2.573242188e-01
-5.329132080e-03
1.282958984e-01
1.185302734e-01
9.967041016e-02
4.375457764e-03
1.707763672e-01
-1.473388672e-01
3.053283691e-02
-7.958984375e-02
1.419677734e-01
-9.197998047e-02
-1.433105469e-01
7.397460938e-02
3.207397461e-02
-1.743164062e-01
-8.300781250e-02
-3.220214844e-01
4.891967773e-02
-1.505613327e-04
8.056640625e-02
-7.659912109e-02
-2.386474609e-01
8.593750000e-02
4.978179932e-03
-4.522705078e-02
7.314682007e-04
-2.893066406e-02
7.928466797e-02
-1.119995117e-01
-6.173706055e-02
-1.171112061e-02
1.689147949e-02
2.917480469e-02
1.013183594e-01
-2.186279297e-01
-7.060546875e-01
7.037353516e-02
3.118896484e-02
6.616210938e-02
1.647949219e-01
-4.110717773e-02
5.561523438e-01
-7.257080078e-02
3.790283203e-02
1.340332031e-01
-9.863281250e-02
1.033935547e-01
2.091064453e-01
1.737060547e-01
-1.167602539e-01
8.758544922e-02
2.539062500e-01
-1.182861328e-01
-1.252441406e-01
4.055786133e-02
-1.481933594e-01
-5.087852478e-04
1.564941406e-01
-1.207885742e-01
5.218505859e-02
-3.562011719e-01
1.427001953e-01
-9.680175781e-02
6.327629089e-04
-1.492919922e-01
-2.529296875e-01
-1.127319336e-01
2.508544922e-02
-3.256225586e-02
9.173583984e-02
5.075073242e-02
-4.913330078e-02
-5.209960938e-01
-2.025146484e-01
2.388000488e-02
4.387207031e-01
1.594238281e-01
6.207275391e-02
1.285400391e-01
-4.855346680e-02
8.525848389e-04
1.851806641e-01
7.214355469e-02
-3.796386719e-02
5.364418030e-07
2.714538574e-02
-1.270751953e-01
5.313110352e-02
-7.550048828e-02
1.155395508e-01
1.999511719e-01
6.994628906e-02
-4.519653320e-02
-1.205444336e-01
1.904296875e-01
1.207275391e-01
-2.197265625e-02
-1.972656250e-01
1.396942139e-02
-1.817626953e-01
6.335449219e-02
-1.458740234e-01
-8.666992188e-02
-8.964538574e-03
-3.683471680e-02
7.519531250e-02
-1.947021484e-01
4.116821289e-02
-8.081054688e-02
6.915283203e-02
-1.132812500e-01
-8.703613281e-02
2.502441406e-02
8.728027344e-02
6.866455078e-02
-1.002807617e-01
1.522216797e-01
-5.563354492e-02
-7.025146484e-02
5.847167969e-02
-1.479492188e-01
-1.850891113e-02
-9.289550781e-02
1.114501953e-01
-3.970336914e-02
4.388427734e-02
1.715087891e-02
-1.331329346e-02
1.263427734e-01
-5.120849609e-02
-1.005859375e-01
1.663208008e-02
6.237792969e-02
2.355957031e-02
-1.004028320e-01
-2.573242188e-01
8.125305176e-03
-2.185058594e-01
5.465698242e-02
1.474609375e-01
1.651611328e-01
3.863525391e-02
8.489990234e-02
-2.286911011e-03
5.343627930e-02
1.661376953e-01
4.299926758e-02
1.256103516e-01
-5.322265625e-02
1.106567383e-01
-1.248779297e-01
5.212402344e-02
2.714538574e-02
-3.555297852e-02
8.355712891e-02
-5.194091797e-02
-1.229248047e-01
-6.658935547e-02
6.475830078e-02
9.191894531e-02
9.039306641e-02
5.291748047e-02
1.122436523e-01
2.415771484e-01
3.790283203e-02
4.815673828e-02
-9.631347656e-02
-5.563354492e-02
4.586791992e-02
-6.762695312e-02
-7.476806641e-02
-1.804199219e-01
-3.012084961e-02
1.437377930e-02
1.618652344e-01
1.626586914e-02
-6.198120117e-02
-7.849121094e-02
-2.075195312e-02
-2.352294922e-01
-1.712036133e-02
1.503906250e-01
7.794189453e-02
-1.210327148e-01
-7.354736328e-02
1.557617188e-01
1.929931641e-01
-1.223144531e-01
-1.193237305e-01
1.074829102e-01
8.679199219e-02
-1.663208008e-02
-1.403808594e-02
-2.243652344e-01
-1.027832031e-01
1.473388672e-01
-8.166503906e-02
-1.171264648e-01
9.417724609e-02
-1.252441406e-01
7.568359375e-02
-5.377197266e-02
1.522827148e-02
-4.544067383e-02
5.480957031e-02
-9.393310547e-02
1.456298828e-01
1.474609375e-01
-2.636718750e-02
2.045898438e-01
-1.416778564e-02
2.299499512e-02
-1.180267334e-02
-5.029296875e-02
-5.749511719e-02
-1.442871094e-01
-1.639404297e-01
1.831054688e-02
9.649658203e-02
1.743164062e-01
2.226562500e-01
7.916259766e-02
2.770996094e-02
9.118652344e-02
6.695556641e-02
-8.209228516e-02
-2.213134766e-01
-1.892089844e-02
-2.143554688e-01
3.488159180e-02
5.859375000e-02
-1.095581055e-01
-1.436614990e-02
-1.630859375e-01
-4.978179932e-03
9.838867188e-02
1.013793945e-01
1.010742188e-01
7.602691650e-03
1.907958984e-01
-4.824829102e-02
-3.375244141e-02
-7.141113281e-03
-2.239990234e-02
1.627197266e-01
-6.359863281e-02
3.240966797e-02
-1.502990723e-02
-8.001708984e-02
8.679199219e-02
-3.753662109e-02
-6.494140625e-02
7.644653320e-03
1.049194336e-01
-2.507019043e-02
3.020019531e-01
4.535675049e-03
-3.053283691e-02
1.012573242e-01
2.067871094e-01
-5.746459961e-02
4.254150391e-02
1.141357422e-01
-3.549194336e-02
5.786895752e-03
-2.448730469e-01
1.424407959e-02
-1.032104492e-01
5.419921875e-02
-6.799316406e-02
-6.359863281e-02
-2.832031250e-02
2.236328125e-01
1.522216797e-01
1.454925537e-02
2.645874023e-02
-1.084136963e-02
-1.126861572e-02
1.203155518e-02
-1.710205078e-01
-2.392578125e-01
1.447753906e-01
1.892089844e-01
-1.787109375e-01
2.970886230e-02
8.380126953e-02
5.776977539e-02
2.079772949e-02
-2.497863770e-02
-1.386718750e-01
-4.058837891e-02
-8.612060547e-02
4.193115234e-02
-1.541900635e-02
-2.634277344e-01
-3.210449219e-01
-1.361083984e-01
-4.306030273e-02
1.534423828e-01
1.303710938e-01
1.309814453e-01
1.594238281e-01
1.754150391e-01
1.010131836e-02
1.235961914e-01
-1.005859375e-01
4.574584961e-02
4.638671875e-02
-1.093750000e-01
-7.843017578e-02
1.123046875e-01
-8.123779297e-02
3.347778320e-02
2.606201172e-02
4.058837891e-02
3.649902344e-01
5.343627930e-02
-1.408691406e-01
-2.122802734e-01
1.552734375e-01
1.612854004e-02
1.972656250e-01
8.306884766e-02
-3.866577148e-02
3.022460938e-01
5.343627930e-02
-8.502197266e-02
-1.080322266e-02
-8.056640625e-02
-2.727050781e-01
-7.000732422e-02
4.167480469e-01
1.023559570e-01
1.368408203e-01
2.204589844e-01
3.634643555e-02
-2.130126953e-02
4.229736328e-02
1.755371094e-01
-1.511230469e-01
-3.274536133e-02
1.402587891e-01
3.972167969e-01
1.077270508e-01
6.002807617e-02
7.476806641e-03
9.484863281e-02
-3.936767578e-02
2.844238281e-02
2.521972656e-01
-6.155395508e-02
-1.111450195e-01
-1.849365234e-02
3.471679688e-01
2.580566406e-01
-1.227569580e-02
-8.288574219e-02
6.616210938e-02
-2.030029297e-01
1.051025391e-01
-1.274414062e-01
1.683349609e-01
-1.733398438e-01
3.705978394e-03
-1.481933594e-01
-1.237182617e-01
3.927612305e-02
4.708862305e-02
1.651611328e-01
-2.241516113e-02
6.787109375e-02
1.408691406e-01
3.591918945e-02
2.212524414e-02
-7.408142090e-03
-1.447753906e-01
1.253509521e-02
4.182128906e-01
1.872558594e-01
1.007080078e-01
4.489135742e-02
-1.280975342e-02
4.084472656e-01
2.343750000e-01
8.758544922e-02
-2.338867188e-01
-2.583007812e-01
1.881408691e-02
1.300048828e-02
-1.048583984e-01
-5.303955078e-02
-9.857177734e-02
7.684326172e-02
3.261718750e-01
3.186035156e-02
-7.073974609e-02
-2.252197266e-01
6.179809570e-02
8.087158203e-02
1.608886719e-01
2.502441406e-01
2.481460571e-03
2.030029297e-01
-1.510009766e-01
8.117675781e-02
2.023925781e-01
8.050537109e-02
4.574584961e-02
1.301269531e-01
-4.928588867e-02
2.256393433e-03
-6.033325195e-02
-9.130859375e-02
8.319091797e-02
-1.572265625e-01
-4.010009766e-02
-2.277832031e-01
8.538818359e-02
9.228515625e-02
1.809082031e-01
-2.104492188e-01
-2.970886230e-02
6.370544434e-03
-5.667114258e-02
1.198120117e-01
2.734375000e-01
4.055786133e-02
-7.592773438e-02
-4.104614258e-02
-3.229980469e-01
-2.751159668e-02
4.121093750e-01
1.029052734e-01
1.295166016e-01
6.870269775e-03
7.971191406e-02
-3.665161133e-02
-8.404541016e-02
1.178588867e-01
-2.445220947e-03
-1.602783203e-01
7.501220703e-02
-3.652572632e-04
1.683349609e-01
-1.666259766e-01
-1.687011719e-01
5.642700195e-02
-5.001831055e-02
-2.067565918e-02
-1.477241516e-03
-7.672119141e-02
6.750488281e-02
-3.201293945e-02
8.398437500e-02
-1.292724609e-01
-2.232666016e-01
1.398925781e-01
9.301757812e-02
7.141113281e-02
2.419433594e-01
-2.767944336e-02
-3.120422363e-02
7.574462891e-02
-1.034545898e-01
-7.495117188e-02
3.656005859e-02
-9.193420410e-03
-1.296386719e-01
-7.763671875e-02
1.047973633e-01
-1.285552979e-02
-6.192016602e-02
1.351318359e-01
-1.077270508e-01
-1.083374023e-01
2.985839844e-01
-4.898071289e-02
-3.059387207e-02
2.470703125e-01
5.120849609e-02
1.019287109e-02
-1.497802734e-01
1.083374023e-01
-3.909301758e-02
3.616333008e-02
1.893310547e-01
-5.923461914e-02
-1.390075684e-02
-2.621459961e-02
1.911621094e-01
8.032226562e-02
-1.097412109e-01
-2.529296875e-01
-4.254150391e-02
-6.610107422e-02
1.987304688e-01
-8.319091797e-02
6.939697266e-02
5.743408203e-02
2.261352539e-02
2.291259766e-01
-1.127929688e-01
-2.338867188e-01
-8.294677734e-02
1.755371094e-01
-1.263427734e-01
-8.605957031e-02
7.488250732e-03
-1.507568359e-01
-1.451416016e-01
1.165771484e-02
-1.139526367e-01
5.917358398e-02
-4.284667969e-02
-7.922363281e-02
-7.922363281e-02
1.462402344e-01
-2.758789062e-02
1.113128662e-02
-9.521484375e-02
6.903076172e-02
1.214599609e-01
-1.026611328e-01
-8.888244629e-03
-1.481933594e-01
-9.231567383e-03
-7.623291016e-02
5.847167969e-02
-2.269287109e-01
-2.441406250e-01
-7.360839844e-02
-1.585693359e-01
8.007812500e-02
-5.044555664e-02
1.393890381e-02
1.427001953e-01
-2.612304688e-01
-4.113769531e-02
8.827209473e-03
-1.572265625e-01
-3.094482422e-02
-5.767822266e-02
9.387207031e-02
-1.712646484e-01
1.111450195e-01
1.795654297e-01
1.481933594e-01
2.233886719e-01
-2.178955078e-01
6.143188477e-02
4.270019531e-01
1.234130859e-01
6.063842773e-02
7.751464844e-02
4.583740234e-02
6.842041016e-02
-4.406738281e-02
1.149902344e-01
-1.111450195e-01
-1.690673828e-01
-1.446533203e-01
2.146911621e-02
5.883789062e-02
3.981933594e-01
8.758544922e-03
-5.273437500e-02
1.280517578e-01
1.021118164e-01
-1.569824219e-01
8.449554443e-04
2.177734375e-01
5.163574219e-02
-2.580642700e-03
5.889892578e-02
-7.299804688e-02
3.118896484e-02
1.101684570e-01
-1.715087891e-02
-3.952026367e-02
8.404541016e-02
1.877441406e-01
-2.226257324e-02
-1.469726562e-01
2.003479004e-02
-1.904296875e-01
2.305908203e-01
-9.826660156e-02
4.888916016e-02
2.081298828e-02
2.257080078e-01
-3.193359375e-01
8.337402344e-02
2.787780762e-02
-7.867431641e-02
1.929931641e-01
-8.825683594e-02
-4.901123047e-02
6.427001953e-02
-1.599121094e-01
1.425781250e-01
-7.354736328e-02
3.988647461e-02
5.087280273e-02
-1.311035156e-01
3.442382812e-01
1.644287109e-01
-1.424560547e-01
1.497802734e-01
1.583251953e-01
-7.971191406e-02
8.337402344e-02
5.184173584e-03
-2.349853516e-02
-7.000732422e-02
-1.280517578e-01
3.350830078e-02
-1.181640625e-01
7.354736328e-02
8.758544922e-02
-1.356201172e-01
1.696777344e-01
-1.738281250e-01
7.183837891e-02
3.047180176e-02
-2.396240234e-01
3.601074219e-01
6.451416016e-02
8.489990234e-02
-5.889892578e-02
-8.465576172e-02
1.346435547e-01
1.806640625e-01
-4.486083984e-02
1.282501221e-02
1.189575195e-01
3.656005859e-02
-1.258850098e-02
2.159423828e-01
3.091430664e-02
-1.020431519e-03
8.598327637e-03
2.879333496e-02
-5.712890625e-02
3.045654297e-02
2.407226562e-01
-1.256103516e-01
1.078491211e-01
8.105468750e-02
-2.207946777e-02
-3.212890625e-01
2.376708984e-01
1.520996094e-01
1.863098145e-02
9.667968750e-02
-2.873535156e-01
4.421997070e-02
-1.828613281e-01
-1.802978516e-01
8.013916016e-02
6.130981445e-02
-1.605224609e-01
-2.470016479e-03
1.792907715e-02
-4.079589844e-01
-7.952880859e-02
1.335449219e-01
-7.800292969e-02
1.696777344e-01
1.888427734e-01
9.063720703e-02
5.786895752e-03
2.396240234e-01
-2.178955078e-02
1.029052734e-01
-2.378845215e-02
6.155395508e-02
-8.465576172e-02
1.600341797e-01
-1.038818359e-01
1.223754883e-01
2.423095703e-01
-1.314697266e-01
-1.768798828e-01
5.493164062e-02
-1.428222656e-01
1.556396484e-01
-7.110595703e-02
-1.001586914e-01
4.187011719e-02
1.059570312e-01
1.177368164e-01
1.885986328e-01
1.998901367e-03
7.830810547e-02
-9.075927734e-02
1.697998047e-01
-8.715820312e-02
-3.338623047e-02
-6.015014648e-02
1.005859375e-01
5.752563477e-03
-1.685791016e-01
3.530273438e-01
