-4.003906250e-02
4.696655273e-02
2.536010742e-02
-1.248779297e-01
3.054199219e-01
2.510070801e-02
-7.343750000e-01
-1.217041016e-01
-3.793334961e-02
3.101348877e-03
8.734130859e-02
4.028320312e-02
-6.039428711e-02
-6.066894531e-02
-2.027587891e-01
-1.501464844e-01
-1.259765625e-01
-4.858398438e-02
5.172729492e-02
1.026916504e-02
1.593017578e-01
-1.434326172e-01
-2.435302734e-01
-3.107910156e-01
-5.844116211e-02
3.662109375e-02
6.481933594e-02
-2.563476562e-01
-1.041259766e-01
5.621337891e-02
1.078491211e-01
1.168212891e-01
5.517578125e-02
2.052307129e-02
8.843994141e-02
-6.192016602e-02
2.821350098e-02
-8.514404297e-02
-8.319091797e-02
-5.938720703e-02
-1.105957031e-01
1.098632812e-02
3.530883789e-02
-1.616210938e-01
2.052001953e-01
-1.499023438e-01
2.722167969e-02
-1.645507812e-01
3.701782227e-02
-2.078857422e-01
1.270751953e-01
1.708984375e-02
-8.978271484e-02
4.083251953e-02
8.033752441e-03
-1.604003906e-01
-2.401123047e-01
-1.090087891e-01
-4.064941406e-02
-1.159057617e-01
-3.769531250e-01
1.527099609e-01
5.148315430e-02
-1.187133789e-01
-1.162109375e-01
-1.636962891e-01
1.160278320e-01
1.364746094e-01
-1.933593750e-01
-8.407592773e-03
-1.263427734e-01
-8.172607422e-02
-7.861328125e-02
9.368896484e-03
-2.656555176e-02
1.586914062e-01
-6.390380859e-02
-3.369140625e-02
-5.538940430e-02
-1.528930664e-02
1.458168030e-03
-1.025390625e-01
1.013183594e-01
3.277587891e-02
-1.135864258e-01
-2.626037598e-02
-9.338378906e-02
1.675415039e-02
-1.959228516e-01
-1.956787109e-01
-3.059387207e-02
1.135864258e-01
-2.170410156e-01
-1.529541016e-01
-2.177429199e-02
1.363525391e-01
-1.702880859e-01
1.023559570e-01
-2.246093750e-01
-1.453399658e-02
-3.829956055e-02
-8.172607422e-02
-4.541015625e-02
-1.342773438e-01
-2.165527344e-01
-3.552246094e-02
8.898925781e-02
-2.182617188e-01
-2.841796875e-01
1.182556152e-02
-2.702636719e-01
-1.960449219e-01
4.022216797e-02
2.462768555e-02
2.603149414e-02
-1.750488281e-01
-5.374145508e-02
-4.751586914e-02
2.261962891e-01
-2.408447266e-01
-1.957702637e-02
4.974365234e-02
-1.071777344e-01
5.023193359e-02
1.334228516e-01
-6.402587891e-02
8.325195312e-02
-2.296142578e-01
-3.161621094e-01
-1.533203125e-01
5.715942383e-02
-2.890625000e-01
-1.472167969e-01
-1.157226562e-01
9.216308594e-02
-8.038330078e-02
-2.741699219e-01
6.290435791e-03
1.220703125e-01
-9.625244141e-02
4.660034180e-02
2.430725098e-02
8.392333984e-02
-2.393798828e-01
-1.350097656e-01
-6.518554688e-02
-5.458984375e-01
2.082824707e-02
-2.220458984e-01
-2.111434937e-03
-6.262207031e-02
-8.551025391e-02
-1.643371582e-02
-5.551147461e-02
1.722412109e-01
-2.392578125e-02
1.705322266e-01
-1.311035156e-01
-3.466796875e-02
4.611206055e-02
1.414794922e-01
-1.171875000e-01
1.286621094e-01
-5.065917969e-02
-1.196899414e-01
-2.565917969e-01
-1.223144531e-01
5.532836914e-02
-2.568359375e-01
-1.088867188e-01
-1.096191406e-01
1.507568359e-01
-2.111816406e-01
-4.604492188e-01
-2.907714844e-01
-1.450195312e-01
1.142578125e-01
-1.226806641e-01
-4.409790039e-02
8.227539062e-02
-3.557128906e-01
-1.821289062e-01
-3.707885742e-02
-1.704101562e-01
-1.099243164e-01
1.147460938e-01
-1.301269531e-01
9.002685547e-02
-6.939697266e-02
-1.697998047e-01
-4.577636719e-01
-1.004638672e-01
-3.718261719e-01
1.063842773e-01
-2.764892578e-02
-2.695312500e-01
-1.004638672e-01
-1.928710938e-01
-6.355285645e-03
-2.531433105e-02
6.646728516e-02
-1.978759766e-01
-7.635498047e-02
1.628112793e-02
1.890563965e-02
-1.841735840e-02
-2.680664062e-01
-3.536987305e-02
3.845214844e-02
1.692199707e-02
-6.256103516e-02
5.319213867e-02
-1.549072266e-01
-8.001708984e-02
1.300048828e-01
-1.558837891e-01
-7.305908203e-02
-2.210693359e-01
-8.850097656e-02
-2.304687500e-01
-3.859863281e-01
-1.489257812e-01
-2.142333984e-01
-7.818603516e-02
4.093170166e-03
-1.380157471e-02
-3.152465820e-02
-2.403564453e-01
3.256225586e-02
-5.606079102e-02
1.235961914e-01
4.217529297e-02
-1.184082031e-01
2.929687500e-02
-1.801757812e-01
-4.833984375e-02
-1.788330078e-02
-3.107070923e-03
-2.300781250e+00
-1.864013672e-01
6.683349609e-02
-2.124023438e-01
-7.958984375e-02
-1.116943359e-02
-2.236938477e-02
1.195678711e-01
-2.890625000e-01
-2.827148438e-01
1.567382812e-01
-2.174072266e-01
-8.105468750e-02
-1.157226562e-01
-3.060913086e-02
-7.827758789e-03
-1.254882812e-01
-5.278320312e-01
-2.239990234e-01
-1.528167725e-02
4.400634766e-02
-2.265930176e-03
-7.116699219e-02
6.829833984e-02
1.672363281e-01
-1.110839844e-02
4.098510742e-02
-1.762390137e-02
1.437988281e-01
-1.539611816e-02
-1.573486328e-01
1.984863281e-01
-1.845703125e-01
-2.476806641e-01
-1.519775391e-01
-1.688232422e-01
-1.760253906e-01
-1.080322266e-01
1.424560547e-01
5.197143555e-02
7.635498047e-02
1.517333984e-01
-1.135864258e-01
1.580810547e-01
-2.226257324e-02
9.075927734e-02
5.996704102e-03
5.908203125e-02
-9.631347656e-02
-3.517150879e-03
2.482910156e-01
-7.037353516e-02
-1.756591797e-01
-1.842041016e-01
-9.698486328e-02
1.516113281e-01
-9.017944336e-03
1.100158691e-02
-4.208374023e-02
8.111572266e-02
1.761474609e-01
4.776000977e-02
6.124877930e-02
2.783203125e-01
-8.343505859e-02
5.349731445e-02
-4.403686523e-02
-1.531982422e-01
-1.093750000e-01
7.067871094e-02
-3.825683594e-01
-6.213378906e-02
6.835937500e-02
-8.129882812e-02
-3.134765625e-01
-2.265625000e-01
-9.600830078e-02
8.049011230e-03
9.313964844e-02
-1.761474609e-01
-4.403686523e-02
8.428955078e-02
-3.759765625e-02
-1.591491699e-02
-8.795166016e-02
-2.619628906e-01
1.916503906e-01
-1.546630859e-01
-7.904052734e-02
-3.068847656e-01
2.455139160e-02
8.319091797e-02
1.937255859e-01
2.320861816e-02
-3.090820312e-01
-1.818847656e-01
1.409912109e-01
1.081848145e-02
1.520996094e-01
9.942626953e-02
6.835937500e-02
-1.977539062e-01
-2.155761719e-01
2.481079102e-02
-6.127929688e-02
2.102661133e-02
-7.141113281e-02
-1.354980469e-01
-1.254882812e-01
-1.188354492e-01
7.067871094e-02
-2.648925781e-01
-5.065917969e-02
-1.691894531e-01
-9.307861328e-03
-8.201599121e-03
-1.508789062e-01
-9.539794922e-02
-8.221435547e-02
1.108398438e-01
1.093750000e-01
-5.638122559e-03
-3.242492676e-03
-1.677246094e-01
-4.141235352e-02
-2.741699219e-01
-9.197998047e-02
-8.703613281e-02
-1.230468750e-01
6.726074219e-02
-6.313476562e-01
-5.185546875e-01
7.366943359e-02
2.416992188e-01
-1.334228516e-01
-7.653808594e-02
-1.649169922e-01
-1.055297852e-01
-4.534912109e-02
-1.567382812e-01
-7.147216797e-02
3.317260742e-02
-5.740356445e-02
1.796875000e-01
-2.254638672e-01
-7.091522217e-03
-4.946899414e-02
-4.043579102e-02
-1.290283203e-01
1.586914062e-02
2.797851562e-01
-6.793212891e-02
2.998046875e-01
-3.375244141e-02
6.994628906e-02
-1.159057617e-01
-1.010894775e-02
-2.102050781e-01
8.740234375e-02
7.647705078e-02
-8.410644531e-02
-1.755371094e-01
1.802978516e-01
-2.241210938e-01
9.625244141e-02
1.540527344e-01
4.382324219e-02
-1.049804688e-02
-2.250976562e-01
1.391601562e-01
3.854751587e-03
8.599853516e-02
1.112060547e-01
-3.022460938e-01
-1.538085938e-01
-1.099853516e-01
-8.935546875e-02
1.130981445e-01
8.325195312e-02
7.312011719e-02
-1.361846924e-02
-1.451416016e-01
-7.812500000e-02
4.843139648e-02
-3.781127930e-02
-7.137298584e-03
-1.578369141e-01
-1.614990234e-01
-3.591918945e-02
4.772186279e-03
9.570312500e-02
1.061401367e-01
-5.633544922e-02
-1.589355469e-01
8.032226562e-02
-5.346679688e-02
6.488037109e-02
6.726074219e-02
5.798339844e-02
2.287597656e-01
7.031250000e-02
6.992340088e-03
7.421875000e-02
-1.621093750e-01
-1.823425293e-02
-1.369628906e-01
-2.192382812e-01
3.988647461e-02
1.873970032e-03
-2.218627930e-02
2.616882324e-02
-1.728515625e-01
-6.573486328e-02
2.056884766e-01
-1.667480469e-01
9.814453125e-02
3.318786621e-03
3.198242188e-02
4.364013672e-02
5.593872070e-02
-2.784729004e-02
-1.369628906e-01
1.591491699e-02
-2.604980469e-01
-1.295166016e-01
-5.874633789e-03
3.030395508e-02
-2.124023438e-01
1.062011719e-01
2.890625000e-01
-8.081054688e-02
-1.036376953e-01
3.129882812e-01
9.234619141e-02
-1.167602539e-01
-7.147216797e-02
-1.303672791e-03
1.196289062e-01
-2.880859375e-02
-2.043457031e-01
1.910400391e-01
-7.076263428e-03
3.472900391e-02
-1.304931641e-01
-2.622070312e-01
-9.149169922e-02
-6.970214844e-02
2.045898438e-01
1.089477539e-01
-5.325317383e-02
-4.791259766e-02
-7.983398438e-02
4.458618164e-02
1.089477539e-01
-1.968383789e-03
-1.997070312e-01
-1.899414062e-01
-1.588134766e-01
-3.378295898e-02
-1.434326172e-01
3.050231934e-02
-2.789306641e-02
1.745605469e-01
-1.303710938e-01
4.995727539e-02
1.649169922e-01
4.000854492e-02
8.184814453e-02
2.092285156e-01
4.272460938e-04
9.020996094e-02
2.052001953e-01
-5.685424805e-02
-1.251220703e-01
1.068725586e-01
-8.831787109e-02
1.361083984e-02
-1.716308594e-01
8.422851562e-02
1.783447266e-01
1.207885742e-01
-1.238403320e-01
-1.098022461e-01
-1.472167969e-01
2.885742188e-01
6.549072266e-02
1.806640625e-02
1.195068359e-01
6.787109375e-02
-1.846923828e-01
-1.425933838e-02
-7.617187500e-02
1.878662109e-01
1.078491211e-01
-8.898925781e-02
-3.942871094e-02
-7.287597656e-02
-3.396606445e-02
3.622436523e-02
5.642700195e-02
1.638183594e-01
-1.842041016e-01
6.402587891e-02
-9.680175781e-02
1.440429688e-01
-1.300048828e-01
4.718017578e-02
-2.055664062e-01
3.378295898e-02
-5.151367188e-02
2.113037109e-01
-9.918212891e-02
1.985168457e-02
2.041625977e-02
-9.741210938e-02
-4.089355469e-02
1.397705078e-01
-6.237792969e-02
1.091308594e-01
6.411132812e-01
-2.335205078e-01
-5.593872070e-02
4.565429688e-02
-1.809082031e-01
2.621459961e-02
-1.313781738e-02
1.148681641e-01
-5.834960938e-02
4.953002930e-02
-7.940673828e-02
7.183074951e-03
-1.751184464e-04
-8.013916016e-02
1.085205078e-01
-8.666992188e-02
-2.313232422e-02
-2.327880859e-01
5.776977539e-02
-1.381835938e-01
1.002197266e-01
-6.872558594e-02
4.891967773e-02
-2.778625488e-02
-3.607177734e-02
3.601074219e-02
-1.268310547e-01
2.886962891e-02
-2.475585938e-01
2.191162109e-01
-1.607666016e-01
4.061889648e-02
4.406738281e-02
-3.239746094e-01
7.037353516e-02
-1.888427734e-01
-7.507324219e-02
-2.028808594e-01
2.298583984e-01
-1.683349609e-01
-7.421875000e-02
7.128906250e-02
-2.287597656e-01
6.469726562e-02
-3.020019531e-01
-4.275512695e-02
-5.245971680e-02
-2.963867188e-01
-1.988525391e-01
-2.995605469e-01
-7.550048828e-02
-1.025390625e-01
3.009033203e-02
3.054199219e-01
1.045227051e-02
-7.458496094e-02
-8.673095703e-02
-1.242675781e-01
-1.062622070e-01
8.404541016e-02
-5.453491211e-02
-6.134033203e-02
-6.335449219e-02
-5.249023438e-02
1.857910156e-01
-1.416015625e+00
-2.425537109e-01
5.755615234e-02
-1.971435547e-01
1.696777344e-02
5.477905273e-02
7.989501953e-02
1.881103516e-01
-1.196899414e-01
-1.812744141e-01
-1.317138672e-01
-2.717590332e-02
1.405029297e-01
-1.870117188e-01
6.240844727e-02
1.308441162e-02
-6.816864014e-03
-3.842773438e-01
-1.607666016e-01
3.152465820e-02
-9.619140625e-02
8.996582031e-02
-1.616210938e-01
-3.524780273e-02
-6.162109375e-01
-8.270263672e-03
-7.391357422e-02
1.293945312e-01
1.598358154e-03
6.573486328e-02
-1.766357422e-01
-8.598327637e-03
-3.295898438e-02
-9.802246094e-02
-1.441650391e-01
-9.423828125e-02
-1.442718506e-02
-8.337402344e-02
-1.274414062e-01
-2.323150635e-03
2.844238281e-01
3.323364258e-02
-1.435546875e-01
-1.004028320e-01
-3.182983398e-02
1.674804688e-01
1.269531250e-01
5.444335938e-02
-1.395263672e-01
-6.109619141e-02
1.572265625e-01
-7.489013672e-02
-2.041015625e-01
4.571533203e-02
-1.015625000e-01
1.273193359e-01
-6.164550781e-02
-3.689575195e-02
-5.685424805e-02
3.350830078e-02
1.849365234e-01
1.353759766e-01
-1.900634766e-01
1.706542969e-01
-1.453857422e-01
2.089843750e-01
-9.216308594e-02
-9.173583984e-02
-2.469482422e-01
2.176513672e-01
3.745117188e-01
-1.799316406e-01
-5.688476562e-02
-2.144775391e-01
-2.308349609e-01
-1.324462891e-01
7.537841797e-02
-3.393554688e-02
8.166503906e-02
-5.569458008e-02
-4.196166992e-02
-3.002929688e-02
-8.703613281e-02
-9.338378906e-02
2.436523438e-01
2.041625977e-02
6.329345703e-02
-5.468750000e-02
2.049255371e-02
-3.603515625e-01
-6.756591797e-02
2.557373047e-02
2.292480469e-01
-4.058837891e-02
-2.517089844e-01
-5.737304688e-02
-1.176757812e-01
1.520156860e-03
9.106445312e-02
1.007080078e-01
-1.178588867e-01
-2.246093750e-01
-4.354858398e-02
1.033935547e-01
1.909179688e-01
-6.463623047e-02
-4.714965820e-02
-1.042175293e-02
-9.417724609e-02
-4.541015625e-02
8.666992188e-02
-9.027099609e-02
1.754150391e-01
-1.192626953e-01
-2.198486328e-01
-3.976440430e-02
-4.192352295e-03
4.052734375e-02
-1.184082031e-02
1.043701172e-01
1.400146484e-01
-1.098632812e-01
1.500244141e-01
-2.041015625e-01
4.382324219e-02
-1.831054688e-01
-4.702758789e-02
-1.969909668e-02
8.862304688e-02
1.333007812e-01
3.073730469e-01
-3.007812500e-01
5.017089844e-02
2.849121094e-01
-1.654052734e-02
5.972290039e-02
4.895019531e-02
-1.524658203e-01
-7.568359375e-02
6.645202637e-03
-1.479492188e-01
8.929443359e-02
5.230712891e-02
9.246826172e-02
5.410766602e-02
-1.782226562e-01
-2.589416504e-02
1.594238281e-01
2.296447754e-02
2.185058594e-01
4.638671875e-01
-7.519531250e-02
2.972412109e-02
1.209716797e-01
6.469726562e-02
1.012573242e-01
-2.822875977e-02
5.209350586e-02
7.513427734e-02
-2.828979492e-02
3.207397461e-02
2.352905273e-02
4.885864258e-02
-1.525878906e-01
-6.689453125e-02
1.268310547e-01
-1.000976562e-01
9.423828125e-02
-1.149749756e-02
-6.427001953e-02
-2.402343750e-01
1.392822266e-01
9.729003906e-02
1.737976074e-02
2.343750000e-02
-9.960937500e-02
-1.081848145e-02
-1.772460938e-01
-4.544067383e-02
-9.240722656e-02
-8.959960938e-02
-5.746459961e-02
1.544189453e-01
-8.544921875e-02
3.216552734e-02
-4.290771484e-02
5.328369141e-02
-8.886718750e-02
-6.304931641e-02
-4.861450195e-02
3.536987305e-02
6.884765625e-02
-9.399414062e-02
6.858825684e-03
-1.455078125e-01
3.283691406e-01
-1.091918945e-01
-2.208251953e-01
8.093261719e-02
1.568603516e-01
1.832275391e-01
2.767944336e-02
5.120849609e-02
-4.608154297e-02
-5.020141602e-02
-2.279052734e-01
2.670898438e-01
-1.613769531e-01
-3.684082031e-01
-1.788330078e-02
-1.488037109e-01
1.027832031e-01
7.208251953e-02
3.159179688e-01
-9.179687500e-02
1.330566406e-01
5.636596680e-02
2.761840820e-03
-3.073120117e-02
4.344940186e-03
-9.582519531e-02
1.010742188e-01
-6.658935547e-02
-8.386230469e-02
-9.686279297e-02
9.924316406e-02
1.871337891e-01
2.714843750e-01
-1.115722656e-01
-2.912597656e-01
-1.160888672e-01
-1.711425781e-01
-1.466064453e-01
2.534179688e-01
1.679992676e-02
6.439208984e-02
2.644348145e-02
-1.301269531e-01
-2.182617188e-01
8.276367188e-02
3.152465820e-02
4.072265625e-01
9.399414062e-02
1.206207275e-02
-1.848144531e-01
8.740234375e-02
2.507019043e-02
2.607421875e-01
-3.561401367e-02
6.076049805e-02
8.782958984e-02
2.410888672e-01
-1.404571533e-02
-1.755371094e-01
-1.522216797e-01
4.656982422e-02
-8.978271484e-02
1.103515625e-01
-9.411621094e-02
3.054809570e-02
5.477905273e-02
1.021118164e-01
2.761840820e-02
7.629394531e-02
-2.458496094e-01
3.616333008e-02
1.005249023e-01
1.023559570e-01
8.319091797e-02
1.164550781e-01
2.531433105e-02
3.099060059e-02
5.319213867e-02
1.106567383e-01
3.967285156e-02
5.978393555e-02
-2.429199219e-01
1.646728516e-01
-1.242065430e-01
-2.726745605e-02
3.649902344e-02
-7.464599609e-02
3.254394531e-01
-2.369689941e-02
3.337402344e-01
1.496315002e-03
1.797485352e-02
-1.917724609e-01
5.831909180e-02
-1.285400391e-01
3.101348877e-03
-4.150390625e-02
4.199218750e-02
1.094970703e-01
9.893798828e-02
8.807373047e-02
1.394042969e-01
1.370239258e-02
-2.859497070e-02
-1.656494141e-01
-2.949218750e-01
-2.412414551e-02
-4.446411133e-02
8.544921875e-02
-2.648925781e-01
6.546974182e-04
-1.994628906e-01
1.556396484e-01
1.050567627e-02
4.421997070e-02
-5.670166016e-02
-3.805541992e-02
-1.200103760e-02
-1.094360352e-01
-2.113342285e-03
1.008605957e-02
-6.500244141e-02
-2.853393555e-02
-1.838378906e-01
3.479003906e-01
1.546630859e-01
1.281738281e-01
3.030395508e-02
1.066894531e-01
2.969360352e-02
-3.414154053e-03
-4.129028320e-02
-1.363372803e-02
1.939697266e-01
4.364013672e-02
5.780029297e-02
3.964843750e-01
-8.666992188e-02
2.612304688e-01
1.021118164e-01
-5.691528320e-02
1.622314453e-01
-3.010253906e-01
3.289794922e-02
-1.277160645e-02
-1.041259766e-01
-1.263427734e-01
-8.074951172e-02
3.512573242e-02
1.367187500e-01
6.179809570e-03
5.178833008e-02
1.864624023e-02
1.132202148e-01
-8.843994141e-02
-8.172607422e-02
-4.223632812e-02
-3.790283203e-02
6.774902344e-02
9.197998047e-02
3.927612305e-02
7.275390625e-02
1.396484375e-01
-1.372528076e-02
-1.604003906e-01
1.560058594e-01
6.341552734e-02
1.841735840e-02
-5.758666992e-02
-1.173706055e-01
-8.435058594e-02
2.005615234e-01
-1.491699219e-01
-1.630859375e-01
-1.630859375e-01
-9.698486328e-02
2.244567871e-02
-2.086181641e-01
1.661376953e-01
-7.948875427e-04
8.293151855e-03
1.896667480e-02
-3.465652466e-03
1.623535156e-02
-1.083374023e-01
7.916259766e-02
-2.174072266e-01
9.269714355e-03
1.566162109e-01
1.982421875e+00
5.123901367e-02
-2.377929688e-01
-5.068969727e-02
1.757812500e-02
-1.750488281e-01
-8.673095703e-02
2.178955078e-01
-1.602783203e-01
-1.287841797e-01
-1.838684082e-02
-7.983398438e-02
9.040832520e-03
-8.831787109e-02
7.086181641e-02
-1.877441406e-01
-4.116821289e-02
-1.336669922e-01
2.003173828e-01
-3.393554688e-02
-3.210449219e-02
-1.584472656e-01
1.117706299e-02
5.514526367e-02
1.503906250e-01
-6.408691406e-03
1.643066406e-01
-4.580688477e-02
-4.989624023e-02
-5.545043945e-02
-8.987426758e-03
-9.515380859e-02
2.754211426e-02
8.605957031e-02
3.567504883e-02
-5.133056641e-02
-2.201080322e-03
1.445007324e-02
6.958007812e-02
-4.205322266e-02
-6.106567383e-02
9.356689453e-02
-8.865356445e-03
1.873779297e-02
-1.033325195e-01
3.500366211e-02
3.686523438e-02
3.028869629e-02
4.504394531e-02
-1.569824219e-01
-5.850219727e-02
-6.164550781e-02
-1.115112305e-01
1.593017578e-01
1.123657227e-01
8.343505859e-02
9.307861328e-02
-6.378173828e-02
-3.668212891e-02
-1.510009766e-01
-9.063720703e-02
3.359375000e-01
1.716308594e-01
8.770751953e-02
-1.683349609e-01
9.295654297e-02
-6.848144531e-02
-7.989501953e-02
-1.508789062e-01
1.943969727e-02
-2.651367188e-01
-2.999877930e-02
-3.596191406e-01
1.512451172e-01
-6.488037109e-02
-1.248168945e-01
-2.639770508e-02
-1.080932617e-01
2.521972656e-01
-9.930419922e-02
2.687072754e-02
3.842163086e-02
-6.811523438e-02
-1.439208984e-01
-1.427001953e-01
6.402587891e-02
-1.160888672e-01
-1.201629639e-02
-1.108398438e-01
1.384277344e-01
1.193237305e-01
7.177734375e-02
-3.095703125e-01
-4.718017578e-02
-2.254638672e-01
-8.056640625e-02
7.141113281e-02
2.614746094e-01
-2.836914062e-01
1.018676758e-01
5.517578125e-02
-5.386352539e-03
4.376220703e-02
2.256774902e-02
-1.021118164e-01
-2.679443359e-02
-2.423095703e-02
8.251953125e-02
-9.130859375e-02
3.738403320e-02
6.793212891e-02
-1.189422607e-02
-1.044921875e-01
2.940368652e-02
-1.461029053e-02
-6.823730469e-02
1.146850586e-01
3.546142578e-02
-1.446533203e-01
-6.021118164e-02
-1.718750000e-01
1.551513672e-01
1.696777344e-01
1.580238342e-03
-4.602050781e-02
3.444824219e-01
9.147644043e-03
-1.215362549e-02
-8.294677734e-02
-3.269042969e-01
-6.372070312e-02
3.649902344e-01
-5.383300781e-02
-1.413574219e-01
4.415893555e-02
-1.433105469e-01
3.021240234e-02
1.626586914e-02
-3.112792969e-01
-1.741027832e-02
-1.235961914e-01
2.605438232e-03
1.129760742e-01
1.424560547e-01
7.287597656e-02
1.289062500e-01
1.136474609e-01
-1.293182373e-02
1.374511719e-01
1.046752930e-01
4.165039062e-01
3.944396973e-03
-1.249389648e-01
-3.698730469e-02
7.213592529e-03
-5.062866211e-02
1.111450195e-01
1.195678711e-01
-7.525634766e-02
3.097534180e-02
3.808593750e-02
-1.398925781e-01
9.313964844e-02
-3.305053711e-02
2.388916016e-01
1.573486328e-01
5.389404297e-02
8.537292480e-03
4.772949219e-02
7.300376892e-04
-5.474853516e-02
1.047973633e-01
-1.038818359e-01
-1.914062500e-01
8.868408203e-02
1.161499023e-01
-6.658935547e-02
2.070312500e-01
-5.131835938e-01
-7.518768311e-03
1.615905762e-02
5.059814453e-02
3.010559082e-02
1.109619141e-01
-1.660156250e-01
3.732299805e-02
-2.618408203e-02
9.710693359e-02
9.667968750e-02
3.875732422e-02
7.360839844e-02
1.259803772e-03
-1.560058594e-01
-9.277343750e-02
-6.555175781e-02
-2.980041504e-02
5.859375000e-02
4.008789062e-01
1.990966797e-01
2.275390625e-01
6.457519531e-02
9.069824219e-02
3.411865234e-02
9.228515625e-02
4.013061523e-02
-1.057434082e-02
-9.570312500e-02
9.960937500e-02
2.358398438e-01
1.542968750e-01
2.019042969e-01
3.271484375e-02
8.282470703e-02
-2.966308594e-02
5.712890625e-02
2.292480469e-01
1.582031250e-01
1.879882812e-01
1.861572266e-02
-1.821289062e-01
-4.187011719e-02
1.937255859e-01
-6.451416016e-02
-6.701660156e-02
-6.933593750e-02
1.210327148e-01
8.941650391e-02
1.099853516e-01
2.700195312e-01
3.061523438e-01
9.674072266e-02
9.228515625e-02
1.554870605e-02
1.384277344e-01
7.053375244e-03
-4.963378906e-01
9.088134766e-02
-4.934692383e-02
8.691406250e-02
6.036376953e-02
5.825805664e-02
2.011718750e-01
2.539062500e-01
1.059570312e-01
-1.914978027e-02
1.458740234e-01
-8.129882812e-02
4.327392578e-02
-4.071044922e-02
-1.067504883e-01
-1.013793945e-01
6.134033203e-02
1.812744141e-01
2.731933594e-01
-2.578735352e-02
-5.575561523e-02
-9.252929688e-02
-1.140136719e-01
-4.504394531e-02
9.277343750e-02
1.789550781e-01
4.803466797e-02
1.803588867e-02
-2.399444580e-03
-1.043090820e-01
1.307678223e-02
6.488037109e-02
-1.857910156e-01
5.752563477e-03
-3.121948242e-02
2.098388672e-01
2.086181641e-01
9.820556641e-02
-1.925048828e-01
5.493164062e-02
2.766418457e-02
7.373046875e-02
-7.843017578e-02
-1.273193359e-01
1.040649414e-01
5.056762695e-02
4.434204102e-02
-9.765625000e-02
4.888916016e-02
1.644287109e-01
-1.455078125e-01
2.141113281e-01
3.329467773e-02
1.271972656e-01
-1.254882812e-01
-9.979248047e-02
-7.031250000e-02
4.653930664e-02
4.910278320e-02
2.653503418e-02
-6.433105469e-02
5.941772461e-02
-1.188659668e-02
4.513549805e-02
2.020263672e-01
3.767089844e-01
4.516601562e-02
2.154541016e-02
-7.171630859e-02
-6.851196289e-03
-5.175781250e-02
1.398925781e-01
-3.059082031e-01
4.034423828e-02
-2.119445801e-02
3.176269531e-01
-8.251953125e-02
1.227416992e-01
1.905517578e-01
1.089477539e-01
2.992248535e-02
-5.874633789e-03
2.285156250e-01
-1.093139648e-01
5.027770996e-03
-1.145629883e-01
1.226806641e-01
9.008789062e-02
-1.060791016e-01
1.110839844e-01
-1.243896484e-01
4.936218262e-03
6.518554688e-02
2.003173828e-01
1.033935547e-01
4.583740234e-02
5.627441406e-02
3.598022461e-02
2.731933594e-01
-1.098632812e-01
8.062744141e-02
-2.429199219e-01
1.342773438e-01
9.094238281e-02
1.641845703e-01
5.191802979e-03
5.317687988e-03
-2.709960938e-01
8.685302734e-02
1.561279297e-01
3.314208984e-02
-5.895996094e-02
2.021789551e-03
2.199707031e-01
1.906738281e-01
4.229736328e-02
-7.012939453e-02
-9.899902344e-02
-5.807876587e-04
6.646728516e-02
-7.464599609e-02
-2.292480469e-01
2.673339844e-01
-8.984375000e-02
7.926940918e-03
1.710205078e-01
1.640625000e-01
1.462402344e-01
-3.709793091e-03
1.994628906e-01
6.274414062e-02
-1.805419922e-01
-1.535797119e-02
-3.537597656e-01
-2.525329590e-02
1.349639893e-02
2.169189453e-01
3.195800781e-01
4.321289062e-02
-1.336669922e-01
-3.692626953e-02
8.294677734e-02
1.715087891e-01
-9.265136719e-02
1.541748047e-01
8.247375488e-03
-3.002929688e-01
-2.082519531e-01
2.242431641e-01
-1.820312500e+00
-2.600097656e-01
1.237182617e-01
-1.069335938e-01
5.392456055e-02
2.443847656e-01
9.130859375e-02
7.897949219e-02
9.039306641e-02
-9.088134766e-02
1.268310547e-01
-3.601074219e-02
-2.391357422e-01
3.146362305e-02
-1.047973633e-01
-1.536865234e-01
-1.009521484e-01
3.875732422e-02
2.621459961e-02
1.855468750e-01
6.604003906e-02
-1.431884766e-01
-4.827880859e-02
-7.977294922e-02
-1.120758057e-02
1.160888672e-01
1.318359375e-01
1.851806641e-01
2.802734375e-01
2.531738281e-01
-1.521301270e-02
-9.527587891e-02
4.840087891e-02
1.477050781e-02
-2.192687988e-02
5.349731445e-02
-1.325988770e-02
-5.117797852e-02
-1.658935547e-01
-2.241134644e-03
2.895507812e-01
2.647399902e-02
4.238891602e-02
7.849121094e-02
8.026123047e-02
1.091918945e-01
5.969238281e-02
2.650451660e-02
8.987426758e-03
-1.258544922e-01
1.293945312e-01
3.836059570e-02
-1.387023926e-02
1.133422852e-01
4.354858398e-02
1.313476562e-01
8.740234375e-02
9.322166443e-04
2.519531250e-01
7.404327393e-03
6.347656250e-02
1.061401367e-01
3.533935547e-02
1.020507812e-01
4.010009766e-02
4.694824219e-01
1.482391357e-02
2.487792969e-01
-1.102905273e-01
3.439941406e-01
-2.062988281e-01
-9.490966797e-02
-3.894042969e-02
1.781005859e-01
1.058959961e-01
-1.618652344e-01
2.475585938e-01
5.496215820e-02
1.939697266e-01
-2.932739258e-02
1.976013184e-02
1.574707031e-02
-4.215240479e-03
-1.887207031e-01
3.642578125e-01
-9.527587891e-02
6.567382812e-02
-1.812744141e-01
-6.220703125e-01
-8.789062500e-02
2.648925781e-02
2.060546875e-01
2.612304688e-01
5.804443359e-02
-3.127441406e-01
-5.260467529e-03
2.059326172e-01
1.804199219e-01
2.507324219e-01
8.288574219e-02
-8.367919922e-02
3.408813477e-02
-1.890563965e-02
1.124267578e-01
2.540588379e-02
-5.056762695e-02
1.056518555e-01
2.877807617e-02
1.471710205e-02
3.695678711e-02
-9.506225586e-03
-3.039550781e-01
2.250976562e-01
2.340698242e-02
7.006835938e-02
4.336547852e-02
1.876220703e-01
3.201293945e-02
6.756591797e-02
1.872253418e-02
2.568359375e-01
-1.118774414e-01
-1.016235352e-01
-1.054687500e-01
2.115478516e-01
5.163574219e-02
6.240844727e-03
-5.215454102e-02
1.398925781e-01
9.118652344e-02
7.611083984e-02
-1.105957031e-01
6.170654297e-02
2.159423828e-01
8.355712891e-02
3.247070312e-02
-1.000366211e-01
-1.358032227e-02
3.683471680e-02
1.873779297e-01
-9.094238281e-02
1.683349609e-01
2.244873047e-01
1.278076172e-01
-1.120605469e-01
8.135986328e-02
