-1.766357422e-01
-8.880615234e-03
7.940673828e-02
-6.762695312e-02
-2.690429688e-01
6.939697266e-02
-7.928466797e-02
-1.110839844e-01
2.384033203e-01
2.836914062e-01
-3.137207031e-02
-1.021118164e-01
-2.849121094e-01
-1.523437500e-01
-8.306884766e-02
-1.938476562e-01
2.380371094e-01
2.600097656e-01
-6.591796875e-02
-2.695312500e-01
9.765625000e-02
-3.747558594e-02
-2.099609375e-01
-7.775878906e-02
-8.673667908e-04
6.494140625e-02
2.988281250e-01
-1.017456055e-01
-1.656494141e-01
2.174072266e-01
-1.055297852e-01
-4.104614258e-02
-1.567382812e-01
2.951660156e-01
-2.902832031e-01
5.731201172e-02
-2.663574219e-01
-7.719726562e-01
-3.404617310e-03
1.961669922e-01
2.574157715e-02
-2.871093750e-01
3.725585938e-01
2.216796875e-01
-1.361846924e-02
5.514526367e-02
-7.524414062e-01
-1.149291992e-01
-3.313064575e-03
-3.015136719e-02
-1.948242188e-01
1.243896484e-01
9.875488281e-02
1.981201172e-01
-2.249755859e-01
-6.942749023e-03
-1.085662842e-02
-1.245117188e-01
-8.416748047e-02
1.345214844e-01
5.584716797e-02
5.316162109e-02
-5.065917969e-03
-2.214355469e-01
3.936767578e-02
1.049194336e-01
2.956542969e-01
7.098388672e-02
-1.173706055e-01
-1.445312500e-01
4.641723633e-02
2.712402344e-01
4.260253906e-02
2.100830078e-01
-1.019897461e-01
-2.917480469e-01
2.204589844e-01
-1.445312500e-01
-4.282226562e-01
3.823242188e-01
-2.150878906e-01
-2.467041016e-01
4.162597656e-02
-4.876708984e-02
-1.440429688e-01
-1.901855469e-01
1.427001953e-01
2.027893066e-02
-1.500244141e-01
2.191162109e-01
-5.352020264e-03
5.142211914e-02
-2.519531250e-01
-9.101867676e-03
1.253662109e-01
-6.228637695e-02
1.116943359e-01
-2.137451172e-01
2.117919922e-01
-6.829833984e-02
3.524780273e-02
7.635498047e-02
-3.127441406e-01
-3.063964844e-01
1.480712891e-01
-2.167968750e-01
-6.280517578e-02
1.166534424e-02
3.878784180e-02
-1.162109375e-01
7.891845703e-02
1.746826172e-01
7.537841797e-02
2.235412598e-02
1.302490234e-01
-1.732177734e-01
-1.512451172e-01
-2.186279297e-01
-1.875000000e-01
-3.016662598e-02
-1.593017578e-01
-4.055175781e-01
-7.122802734e-02
-2.578125000e-01
2.858886719e-01
-1.170043945e-01
-1.047363281e-01
1.701660156e-01
-1.123046875e-01
-5.142211914e-02
-4.528808594e-02
-1.256103516e-01
-2.098083496e-03
8.831787109e-02
-8.483886719e-02
1.599121094e-02
-9.228515625e-02
-1.474609375e-01
1.095581055e-01
-4.802703857e-03
5.349731445e-02
-3.049316406e-01
-2.644042969e-01
-4.681396484e-02
1.213989258e-01
-3.288574219e-01
5.990600586e-02
-8.270263672e-03
5.249977112e-04
1.211547852e-02
-1.104736328e-02
-1.599121094e-02
2.717285156e-01
-2.456054688e-01
1.613769531e-01
-1.542968750e-01
3.530883789e-02
-1.945800781e-01
-7.434082031e-02
5.679321289e-02
2.017211914e-02
2.551269531e-01
-2.612304688e-02
4.901123047e-02
1.437988281e-01
6.280517578e-02
-1.278076172e-01
6.823730469e-02
9.696960449e-03
5.386352539e-02
-9.707031250e-01
-3.891601562e-01
2.056884766e-01
-1.894531250e-01
-1.712646484e-01
-3.027343750e-01
-5.014038086e-02
-3.051757812e-01
2.646484375e-01
-1.738281250e-01
-2.235107422e-01
2.264404297e-01
-3.051757812e-02
-6.179809570e-02
1.989746094e-01
1.246337891e-01
2.199707031e-01
1.197509766e-01
3.017578125e-01
9.222412109e-02
-1.855468750e-01
-2.193603516e-01
-4.316406250e-01
-2.863769531e-01
-4.696655273e-02
8.038330078e-02
1.730346680e-02
7.495117188e-01
1.003417969e-01
-2.697753906e-01
-3.342285156e-01
3.869628906e-02
1.394042969e-01
4.370117188e-02
1.804199219e-01
-2.257080078e-01
7.980346680e-03
-1.641845703e-01
-2.248535156e-01
-1.425781250e-01
-1.894531250e-01
2.586364746e-02
-2.941894531e-02
-2.622070312e-01
2.012939453e-01
-1.335449219e-01
2.770996094e-02
1.512145996e-02
3.059082031e-01
1.547851562e-01
-1.696777344e-02
-4.284667969e-02
-1.752929688e-01
-2.143554688e-01
-1.883544922e-01
-1.567382812e-01
-3.374023438e-01
6.665039062e-02
-9.667968750e-02
-2.298583984e-01
-1.778564453e-01
2.854919434e-02
2.736816406e-01
-7.843017578e-02
-1.885986328e-01
-9.545898438e-02
1.390380859e-01
1.304931641e-01
-4.052734375e-02
-1.689453125e-01
-6.397247314e-03
5.041503906e-02
2.595520020e-02
-2.917480469e-01
-1.104736328e-01
-6.284179688e-01
-1.215362549e-02
7.043457031e-02
7.247924805e-03
-1.763671875e+00
4.489135742e-02
-5.538940430e-02
-1.416992188e+00
-2.349853516e-01
2.379150391e-01
-2.227783203e-02
1.121215820e-01
-2.636718750e-01
-2.308654785e-02
-3.757324219e-01
-3.310546875e-01
-4.141235352e-02
-2.834472656e-01
1.304931641e-01
1.925048828e-01
-3.447265625e-01
5.242919922e-02
3.704833984e-02
-2.191162109e-01
1.621093750e-01
4.458618164e-02
-2.060546875e-01
1.104125977e-01
-1.273193359e-01
-1.800537109e-01
-1.150512695e-01
2.573242188e-01
-1.302490234e-01
-3.179931641e-02
-1.324462891e-01
1.722574234e-04
1.903076172e-01
3.759765625e-01
-1.409912109e-01
-2.369384766e-01
-5.667114258e-02
-3.540039062e-01
7.696533203e-02
-5.395507812e-02
-2.092285156e-01
-1.477050781e-01
-1.024780273e-01
-8.819580078e-02
2.673339844e-02
2.565917969e-01
6.263732910e-03
-7.214355469e-02
1.293945312e-01
-1.549072266e-01
-1.275634766e-01
-3.521728516e-02
-6.970214844e-02
-9.826660156e-02
5.561828613e-03
1.033935547e-01
4.733276367e-02
4.318237305e-02
3.204345703e-02
-1.531982422e-01
1.317138672e-01
-1.016845703e-01
-2.161865234e-01
-9.295654297e-02
-2.729492188e-01
-1.883544922e-01
3.242187500e-01
-1.539306641e-01
4.077148438e-02
-1.850585938e-01
1.245727539e-01
1.584472656e-01
1.270751953e-01
-2.824707031e-01
-7.385253906e-02
1.854248047e-01
-1.454925537e-02
-2.072753906e-01
-1.029663086e-01
5.859375000e-02
4.110717773e-02
-1.687011719e-01
-3.928222656e-01
-3.250122070e-02
-3.283691406e-01
-2.590942383e-02
-3.211975098e-03
2.185058594e-01
1.855468750e-01
1.680908203e-01
-1.060180664e-01
8.404541016e-02
-1.651611328e-01
-1.768798828e-01
-3.923339844e-01
-3.098144531e-01
1.474609375e-01
-1.625976562e-01
-1.370849609e-01
-6.061553955e-03
-1.187133789e-02
6.146430969e-04
-1.785888672e-01
-2.404785156e-01
6.161499023e-02
-8.074951172e-02
-5.097656250e-01
2.912902832e-02
-1.066284180e-01
1.669311523e-02
-1.800537109e-01
-5.715942383e-02
-1.263427734e-01
-6.832122803e-03
7.891845703e-02
-2.401733398e-02
-3.137207031e-01
-1.162109375e-01
2.755737305e-02
1.140136719e-01
3.164672852e-02
-9.124755859e-02
-8.251953125e-02
2.629394531e-01
-3.879394531e-01
-2.481689453e-01
2.035522461e-02
-5.780029297e-02
-8.630371094e-02
-2.216796875e-01
-2.233886719e-01
-1.243286133e-01
6.293945312e-01
-1.335449219e-01
2.848815918e-02
-3.916015625e-01
-1.816406250e-01
-1.192016602e-01
-3.152465820e-02
-3.665161133e-02
1.302490234e-01
-1.561279297e-01
3.232421875e-01
-3.729248047e-02
-1.396484375e-01
-6.915283203e-02
-1.276855469e-01
-1.197509766e-01
1.757812500e-01
-1.515197754e-02
-8.483886719e-03
6.185913086e-02
1.116943359e-01
-8.489990234e-02
-1.417236328e-01
1.025390625e-01
-1.446533203e-01
-1.106567383e-01
-1.642227173e-03
-8.349609375e-02
-3.253936768e-03
-6.842041016e-02
-1.921081543e-02
-1.719970703e-01
-2.509765625e-01
3.900146484e-02
1.680908203e-01
-6.195068359e-02
-1.146240234e-01
-1.887207031e-01
5.569458008e-02
-2.075195312e-01
2.185058594e-01
-1.713562012e-02
-3.997802734e-02
1.732177734e-01
-1.395263672e-01
-4.433593750e-01
3.229980469e-01
-5.337524414e-02
-9.283447266e-02
2.343750000e-01
-8.691406250e-02
3.586425781e-01
2.770996094e-02
-2.061767578e-01
2.995300293e-02
-2.018737793e-02
2.454833984e-01
-2.724609375e-01
4.751586914e-02
5.728149414e-02
-1.522216797e-01
-2.104492188e-01
-4.207611084e-03
-1.719665527e-02
1.132202148e-01
1.909179688e-01
-2.207031250e-01
7.678222656e-02
-8.929443359e-02
-2.684020996e-02
-1.324462891e-01
-2.321777344e-01
1.087646484e-01
-3.142089844e-01
5.062866211e-02
1.879882812e-02
-5.734252930e-02
-1.265869141e-01
-3.085937500e-01
1.309814453e-01
-5.642700195e-02
-3.283691406e-01
7.299804688e-02
-7.055664062e-02
-7.574462891e-02
-3.173828125e-01
6.384277344e-02
-6.179809570e-02
-1.110839844e-01
5.154418945e-02
-1.772460938e-01
-9.851074219e-02
-2.778320312e-01
-1.763916016e-02
-1.533203125e-01
-2.800292969e-01
2.645874023e-02
5.206298828e-02
7.531738281e-02
5.413055420e-03
-1.808166504e-02
2.744140625e-01
1.170654297e-01
5.944824219e-02
1.549072266e-01
-1.351318359e-01
-1.579589844e-01
-1.780700684e-02
-1.138305664e-01
-1.501464844e-01
-9.014892578e-02
-1.249389648e-01
-1.300048828e-01
1.372070312e-01
-3.375244141e-02
2.246093750e-02
5.561828613e-03
1.324462891e-02
-1.658935547e-01
-5.819702148e-02
-2.242431641e-01
-3.115234375e-01
3.848266602e-02
1.068115234e-01
8.050537109e-02
-1.253662109e-01
-1.364746094e-01
-2.191543579e-03
-2.521972656e-01
-1.173095703e-01
6.458282471e-03
-1.342773438e-01
1.184082031e-01
-2.360839844e-01
1.164550781e-01
2.159423828e-01
-1.124267578e-01
-3.806152344e-01
-1.063232422e-01
-1.776123047e-01
-1.850585938e-01
7.415771484e-02
7.318115234e-02
1.183471680e-01
-3.076171875e-01
8.308410645e-03
4.934692383e-02
-1.379394531e-01
-3.205566406e-01
1.165161133e-01
-1.270751953e-01
-5.105590820e-02
1.052093506e-02
-1.161499023e-01
2.655029297e-02
2.900695801e-02
-7.421875000e-02
1.556396484e-02
7.623291016e-02
1.243286133e-01
-5.007934570e-02
1.131591797e-01
6.854248047e-02
-5.154418945e-02
1.196899414e-01
-6.683349609e-02
-7.769775391e-02
-1.676025391e-01
3.751754761e-03
-6.970214844e-02
1.674804688e-01
1.030273438e-01
-6.420898438e-02
1.624755859e-01
-2.548217773e-02
6.805419922e-02
-1.810302734e-01
1.269531250e-01
-2.009277344e-01
-2.674865723e-02
-2.093505859e-01
1.395263672e-01
1.265869141e-01
-2.558593750e-01
3.466796875e-01
-1.136474609e-01
6.646728516e-02
1.132812500e-01
5.825805664e-02
-1.450195312e-01
8.795166016e-02
1.210937500e-01
-4.528808594e-01
-6.707763672e-02
-8.007812500e-02
3.786621094e-01
-1.470947266e-01
-1.221923828e-01
-1.340332031e-01
-1.650390625e-01
1.581054688e+00
-5.300903320e-02
-2.512207031e-01
-2.761230469e-01
2.484130859e-01
1.478576660e-02
-5.151367188e-02
6.402587891e-02
-1.264648438e-01
-1.309967041e-02
-2.556152344e-01
-1.622314453e-01
-4.846191406e-02
-2.639770508e-02
1.965332031e-01
-7.503509521e-03
-6.347656250e-02
2.388000488e-02
-1.542968750e-01
1.041259766e-01
1.612548828e-01
4.643554688e-01
-4.531250000e-01
-1.069946289e-01
8.917236328e-02
-1.760864258e-02
-7.983398438e-02
-3.903198242e-02
-8.374023438e-02
-2.534179688e-01
-3.927612305e-02
6.191253662e-03
-6.951904297e-02
-1.315917969e-01
-4.692382812e-01
2.159423828e-01
1.199340820e-02
-2.331542969e-01
1.190795898e-01
-9.422302246e-03
-5.783081055e-02
-8.728027344e-02
-1.424560547e-01
9.101867676e-03
-1.922607422e-02
4.019165039e-02
-1.884765625e-01
-3.433227539e-02
-1.217041016e-01
1.133422852e-01
1.582031250e-01
6.982421875e-02
-1.383789062e+00
-2.149658203e-01
-6.604003906e-02
-6.889648438e-01
-2.255859375e-01
4.263305664e-02
-2.861022949e-02
-9.735107422e-02
-7.257080078e-02
-1.147460938e-01
-2.459716797e-01
-1.530761719e-01
1.817626953e-01
-1.993408203e-01
-2.304687500e-01
3.229980469e-01
-2.565917969e-01
-9.008789062e-02
-4.003906250e-02
-1.571044922e-01
1.192626953e-01
-1.928710938e-02
-8.630371094e-02
3.619384766e-02
-2.526855469e-02
-1.666259766e-01
-2.442626953e-01
-4.074096680e-02
2.255249023e-02
-6.317138672e-02
1.106567383e-01
1.054077148e-01
7.440185547e-02
9.067382812e-01
2.655029297e-03
-1.472167969e-01
-1.398925781e-01
1.914978027e-02
-1.974487305e-02
4.406738281e-02
6.677246094e-02
-2.362060547e-01
-1.507568359e-01
-3.021240234e-02
-5.929565430e-02
1.428222656e-01
-1.365966797e-01
-5.331420898e-02
-2.149581909e-03
-2.534179688e-01
-1.774597168e-02
2.003173828e-01
-8.612060547e-02
-1.051025391e-01
-1.329345703e-01
-1.534423828e-01
9.521484375e-02
1.910400391e-01
-1.361846924e-02
-6.341552734e-02
8.935546875e-02
-5.480957031e-02
-6.054687500e-02
-1.854248047e-01
-1.244506836e-01
-3.518066406e-01
2.137451172e-01
6.951904297e-02
1.281738281e-01
-2.744140625e-01
9.130859375e-02
6.945800781e-02
-1.505126953e-01
-1.497802734e-01
1.168823242e-01
-2.083740234e-01
2.174377441e-02
-2.683105469e-01
-1.235351562e-01
-6.372070312e-02
-3.149414062e-02
-7.568359375e-02
-2.644042969e-01
-6.494140625e-02
-1.875000000e-01
1.805114746e-02
-6.848144531e-02
-1.813964844e-01
4.983520508e-02
7.244873047e-02
-1.181030273e-01
-1.041412354e-02
-2.071533203e-01
-1.933593750e-01
-3.293457031e-01
-5.657958984e-02
-8.184814453e-02
-1.334228516e-01
-1.008911133e-01
-1.374511719e-01
1.529541016e-01
4.541015625e-02
-1.269531250e-01
-1.516113281e-01
2.067565918e-02
-1.291503906e-01
-3.823242188e-01
1.247406006e-02
-1.173706055e-01
1.850891113e-02
-3.677368164e-02
-1.350097656e-01
-1.416015625e-01
-5.267333984e-02
3.237915039e-02
8.984375000e-02
-2.220458984e-01
-1.937255859e-01
-3.152465820e-02
1.011962891e-01
2.880859375e-02
5.215454102e-02
-6.695556641e-02
-1.397705078e-01
-2.844238281e-01
-2.331542969e-02
-1.716308594e-01
8.384704590e-03
1.288604736e-02
-2.140808105e-02
-5.599975586e-02
2.980041504e-02
5.595703125e-01
-1.755371094e-01
8.709716797e-02
-1.139526367e-01
-2.513122559e-02
7.026672363e-03
2.717590332e-02
9.179687500e-02
-2.113037109e-01
-1.879882812e-01
-1.308593750e+00
7.171630859e-02
-1.150512695e-01
-1.264648438e-01
-6.787109375e-02
-2.088623047e-01
-6.094360352e-02
-6.091308594e-02
-2.031250000e-01
1.068725586e-01
-4.275512695e-02
7.916259766e-02
-2.632141113e-03
1.934814453e-01
-2.937316895e-04
-1.251220703e-01
1.565551758e-02
8.447265625e-02
4.071044922e-02
-3.506469727e-02
1.069335938e-01
8.679199219e-02
-1.050415039e-01
-2.458190918e-02
1.108398438e-01
-1.090087891e-01
6.359863281e-02
-1.591796875e-01
1.450195312e-01
-1.066284180e-01
5.233764648e-02
-1.547851562e+00
-9.315490723e-03
2.862548828e-02
-2.781677246e-02
7.501220703e-02
-4.802246094e-01
2.700805664e-02
-2.223205566e-02
3.756713867e-02
1.099395752e-02
6.713867188e-01
-2.443847656e-01
3.298950195e-02
-1.103515625e-01
1.965332031e-02
-2.404785156e-01
2.373046875e-01
-1.876220703e-01
3.448486328e-02
1.345214844e-01
9.692382812e-02
-1.636962891e-01
7.141113281e-02
1.295166016e-01
-5.291748047e-02
-1.865234375e-01
5.059814453e-02
8.715820312e-02
1.249389648e-01
-2.339172363e-02
2.423095703e-01
1.617431641e-01
2.746582031e-02
1.050567627e-02
2.050781250e-01
-6.463623047e-02
-1.617431641e-01
1.557617188e-01
-1.293945312e-02
-1.091918945e-01
3.388671875e-01
8.819580078e-02
1.173095703e-01
-2.052001953e-01
9.002685547e-02
2.705383301e-02
-6.481933594e-02
-5.255126953e-02
-2.388916016e-01
5.844116211e-02
1.839599609e-01
7.556152344e-02
7.503509521e-03
1.244506836e-01
1.153564453e-02
1.675415039e-02
-1.275634766e-01
5.487060547e-02
2.575683594e-01
-9.857177734e-03
5.364990234e-02
-1.629638672e-01
3.105468750e-01
2.517089844e-01
3.353881836e-02
-3.158569336e-02
1.355743408e-02
1.578369141e-01
-1.945495605e-02
-7.824707031e-02
-2.363281250e-01
-2.284240723e-02
1.260986328e-01
1.032104492e-01
8.386230469e-02
-3.686523438e-02
-6.005859375e-02
-1.296386719e-01
-1.204833984e-01
1.800537109e-01
-1.140747070e-01
1.794433594e-01
-2.137451172e-01
2.809143066e-02
2.920532227e-02
-7.751464844e-02
5.758666992e-02
-6.787109375e-02
-5.206298828e-02
2.797851562e-01
7.507324219e-02
-1.029052734e-01
-7.928466797e-02
3.164672852e-02
-1.492919922e-01
6.462097168e-03
-1.500244141e-01
-1.342773438e-01
4.367065430e-02
-5.648803711e-02
1.282958984e-01
1.528320312e-01
-1.212768555e-01
2.067871094e-01
5.404663086e-02
-8.605957031e-03
1.403808594e-01
3.051757812e-01
1.342773438e-01
-3.308105469e-02
-1.386718750e-01
7.269287109e-02
3.186035156e-02
-5.383300781e-02
1.613769531e-01
-1.291656494e-02
-6.939697266e-02
1.959228516e-01
-1.232299805e-01
5.499267578e-02
1.215209961e-01
1.357421875e-01
6.008911133e-02
2.452392578e-01
9.185791016e-02
-6.580352783e-03
1.236572266e-01
9.790039062e-02
4.153442383e-02
-1.206054688e-01
1.857910156e-01
-7.316589355e-03
-1.318359375e-01
1.861572266e-01
-2.403564453e-01
1.560058594e-01
-1.464843750e-01
7.879638672e-02
-5.880737305e-02
-9.570312500e-02
4.071044922e-02
8.117675781e-02
-2.175292969e-01
2.570800781e-01
1.896972656e-01
-1.394042969e-01
1.740722656e-01
1.984863281e-01
-9.820556641e-02
2.551269531e-01
3.583984375e-01
-5.531311035e-03
9.259033203e-02
-7.225036621e-03
-3.579711914e-02
-6.872558594e-02
7.250976562e-02
-2.304077148e-03
1.566162109e-01
-1.157226562e+00
-1.531982422e-01
2.379150391e-01
5.538940430e-02
3.557128906e-01
-5.172729492e-02
-5.883789062e-02
2.503967285e-02
-1.135253906e-01
1.184082031e-01
-1.452636719e-01
8.587646484e-02
4.614257812e-02
1.634521484e-01
5.466461182e-03
-1.308593750e-01
-5.841064453e-02
1.398925781e-01
5.245971680e-02
1.027221680e-01
-1.021728516e-01
-3.134765625e-01
1.516113281e-01
8.377075195e-03
1.469726562e-01
-9.796142578e-03
-1.110839844e-02
1.604003906e-01
-9.301757812e-02
-4.235839844e-02
1.560058594e-01
-2.347412109e-01
7.110595703e-02
4.428100586e-02
1.629638672e-01
-2.048339844e-01
-5.407714844e-02
3.416061401e-03
-7.177734375e-02
1.098022461e-01
1.579589844e-01
2.993774414e-02
1.550292969e-01
-1.409912109e-01
-1.673583984e-01
1.778564453e-01
3.891601562e-01
-3.097534180e-02
6.791992188e-01
-9.680175781e-02
8.367919922e-02
-9.136962891e-02
1.576171875e+00
-5.917358398e-02
-1.077880859e-01
-5.621337891e-02
8.186340332e-03
2.050781250e-01
6.240844727e-02
5.267333984e-02
1.669921875e-01
-9.143066406e-02
-1.990966797e-01
-4.260253906e-02
-5.615234375e-03
-2.435302734e-01
-2.040100098e-02
2.563476562e-01
2.028808594e-01
6.964111328e-02
-8.071899414e-03
-1.696777344e-01
4.058837891e-02
-2.586364746e-02
1.833496094e-01
1.394042969e-01
-1.243286133e-01
-3.076553345e-03
-1.685791016e-01
1.260986328e-01
8.105468750e-02
7.556915283e-03
-6.008911133e-02
3.363037109e-02
-5.563354492e-02
-8.017578125e-01
1.124877930e-01
2.903747559e-02
8.697509766e-03
-1.191711426e-02
9.033203125e-02
-5.682373047e-02
-3.222656250e-01
2.108764648e-02
-1.817626953e-01
-6.701660156e-02
-4.638671875e-02
-6.506347656e-02
-4.525756836e-02
1.127929688e-01
1.981201172e-01
7.562255859e-02
7.753906250e-01
-1.062011719e-01
9.326171875e-02
1.066284180e-01
-7.708740234e-02
-1.068725586e-01
-7.666015625e-02
-3.068847656e-01
2.475585938e-01
3.512573242e-02
2.418212891e-01
1.393127441e-02
-5.932617188e-02
-3.283691406e-02
1.694335938e-01
6.658935547e-02
2.161865234e-01
3.381347656e-02
-1.038818359e-01
1.212158203e-01
1.785888672e-01
-4.309082031e-02
7.910156250e-02
-1.625976562e-01
9.832763672e-02
4.937744141e-02
-1.391601562e-01
6.854248047e-02
-6.329345703e-02
5.010986328e-02
-1.649169922e-01
1.853942871e-02
9.136962891e-02
-7.653808594e-02
1.009368896e-02
-6.665039062e-02
-7.794189453e-02
7.562255859e-02
-2.338867188e-01
3.034973145e-02
1.675415039e-02
1.197509766e-01
-1.283264160e-02
-1.821289062e-01
-3.376464844e-01
-1.567382812e-01
8.471679688e-02
-5.836486816e-03
-1.629638672e-02
-1.545410156e-01
-4.904174805e-02
1.055908203e-01
-7.110595703e-02
-1.842041016e-01
9.832763672e-02
1.823730469e-01
3.662109375e-01
-5.432128906e-02
-1.059722900e-02
4.635620117e-02
-9.338378906e-03
2.638244629e-02
2.366638184e-02
4.876708984e-02
2.802734375e-01
6.323242188e-02
-1.890869141e-01
-9.849548340e-03
-3.335571289e-02
6.420898438e-02
-6.420898438e-02
-8.459472656e-02
1.146240234e-01
-9.185791016e-02
-1.511230469e-01
-3.605957031e-01
5.740356445e-02
-1.044311523e-01
-1.224975586e-01
-3.765869141e-02
-1.892089844e-01
-4.650878906e-02
-3.337402344e-01
7.403564453e-02
6.063842773e-02
-1.334228516e-01
2.807617188e-02
-2.200927734e-01
4.235839844e-02
-2.021789551e-02
1.571044922e-01
6.359863281e-02
3.107910156e-01
1.022949219e-01
3.442382812e-01
-1.156005859e-01
1.013183594e-01
1.856689453e-01
3.610229492e-02
-3.680419922e-02
1.606941223e-03
1.546630859e-01
6.161499023e-02
6.890869141e-02
-3.845214844e-02
1.624755859e-01
-1.238403320e-01
7.861328125e-02
1.105346680e-01
-6.580352783e-03
1.667480469e-01
2.393798828e-01
-1.678466797e-01
7.159423828e-02
3.005371094e-01
7.342529297e-02
2.158203125e-01
-3.754882812e-01
2.072753906e-01
-5.056762695e-02
1.407470703e-01
-5.752563477e-02
-7.055664062e-02
1.104736328e-01
-1.047363281e-01
1.140136719e-01
-1.243896484e-01
5.337524414e-02
3.054199219e-01
1.614990234e-01
1.220703125e-01
-1.499023438e-01
-3.692626953e-02
-6.580352783e-03
-1.198120117e-01
-1.047973633e-01
2.463378906e-01
-1.943359375e-01
1.282958984e-01
1.065673828e-01
2.944335938e-01
-2.896118164e-02
1.595458984e-01
3.686523438e-02
2.746582031e-01
2.078247070e-02
1.550292969e-01
1.343994141e-01
-1.903076172e-01
-1.878356934e-02
1.818847656e-01
1.693115234e-01
7.531738281e-02
-8.996582031e-02
2.378845215e-02
2.973632812e-01
-1.497802734e-01
-1.693725586e-02
1.224365234e-01
6.732940674e-03
-2.124023438e-01
1.320800781e-01
1.330566406e-01
-2.033691406e-01
1.423339844e-01
-5.239868164e-02
-3.649902344e-02
3.421020508e-02
2.086639404e-03
-4.522705078e-02
-7.275390625e-02
1.788330078e-01
9.698486328e-02
-2.961425781e-01
2.479248047e-01
-1.690673828e-01
-1.313476562e-01
-4.350585938e-01
-4.858398438e-02
1.252441406e-01
3.378295898e-02
2.668457031e-01
-2.834472656e-01
1.958007812e-01
1.350097656e-01
1.879882812e-01
2.430419922e-01
-2.326660156e-01
-2.287597656e-01
2.409667969e-01
-1.039428711e-01
-4.855346680e-02
1.373291016e-01
2.047119141e-01
4.516601562e-02
7.818603516e-02
-8.624267578e-02
1.614990234e-01
-6.866455078e-03
-1.646423340e-02
7.537841797e-02
-1.071166992e-01
6.500244141e-02
-1.525878906e-01
6.124877930e-02
-3.708496094e-01
1.464843750e-02
2.642822266e-02
-1.209716797e-01
-7.745361328e-02
-2.143859863e-03
-1.458740234e-01
1.208496094e-01
-8.959960938e-02
6.976318359e-02
-1.049804688e-01
1.634521484e-01
2.337646484e-01
9.228515625e-02
-1.029052734e-01
1.735839844e-01
2.321777344e-01
-5.096435547e-02
-1.194763184e-02
1.359863281e-01
2.065429688e-01
-1.319580078e-01
8.551025391e-02
7.751464844e-02
6.781005859e-02
-1.912841797e-01
1.053466797e-01
2.365722656e-01
-1.215820312e-01
7.171630859e-02
2.011718750e-01
1.558837891e-01
8.245849609e-02
3.115844727e-02
4.411621094e-01
-9.973144531e-02
8.605957031e-02
-1.348876953e-01
9.985351562e-02
1.566162109e-01
-2.156982422e-01
2.558593750e-01
3.225708008e-02
3.399658203e-02
1.641845703e-02
1.293945312e-01
-1.914062500e-01
1.872558594e-01
6.198120117e-02
1.105957031e-01
7.171630859e-02
-1.904296875e-01
-1.449584961e-02
-2.447509766e-01
8.221435547e-02
-1.141357422e-01
-1.113281250e-01
-2.081298828e-01
2.729492188e-01
1.119384766e-01
-3.417968750e-02
2.797851562e-01
-1.374511719e-01
2.722167969e-01
3.925781250e-01
2.445068359e-01
8.605957031e-02
1.640625000e-01
3.730468750e-01
1.469726562e-01
1.209106445e-01
7.897949219e-02
1.387939453e-01
2.279663086e-02
-5.725097656e-02
2.034912109e-01
-3.571777344e-01
7.475585938e-01
1.749267578e-01
-1.376953125e-01
5.960083008e-02
2.727050781e-01
8.471679688e-02
-1.685791016e-01
2.391357422e-01
-1.253662109e-01
8.117675781e-02
6.628417969e-02
-2.363281250e-01
7.092285156e-02
-2.213134766e-01
3.833007812e-01
6.262207031e-02
2.044677734e-01
-5.145263672e-02
-1.434326172e-01
1.605224609e-01
1.774902344e-01
4.042968750e-01
-5.313110352e-02
1.821289062e-01
1.330566406e-01
2.871704102e-02
6.726074219e-02
-9.414672852e-03
-6.658935547e-02
-2.922363281e-01
-2.542495728e-03
-1.414794922e-01
-2.810668945e-02
-2.526855469e-02
9.417724609e-02
2.027587891e-01
-8.361816406e-02
-1.704101562e-01
1.083374023e-01
3.068847656e-01
-5.233764648e-03
-4.547119141e-02
2.426757812e-01
4.324340820e-02
1.068115234e-02
2.517089844e-01
-1.510009766e-01
-1.263427734e-01
-5.444335938e-01
1.536865234e-01
7.983398438e-02
8.239746094e-02
-1.156250000e+00
1.812744141e-01
-7.299804688e-02
-8.813476562e-01
-1.304931641e-01
3.604125977e-02
-5.702972412e-03
-1.444244385e-02
-1.068115234e-01
2.196044922e-01
-6.457519531e-02
8.659362793e-03
8.460998535e-03
-9.301757812e-02
9.356689453e-02
4.052734375e-01
-1.199340820e-01
-9.692382812e-02
1.567382812e-01
-1.727294922e-01
-3.782272339e-03
3.452148438e-01
-2.106933594e-01
-1.547851562e-01
1.248168945e-01
3.007507324e-02
6.950378418e-03
2.174377441e-02
1.282958984e-01
1.110839844e-02
1.007080078e-01
9.954833984e-02
-6.945800781e-02
5.175781250e-01
-7.641601562e-02
-1.390380859e-01
1.982421875e-01
-9.094238281e-02
1.252441406e-01
4.193115234e-02
1.000213623e-02
-1.879882812e-02
5.676269531e-02
1.580810547e-01
-3.276367188e-01
1.903076172e-01
-4.797363281e-02
1.467132568e-02
2.464599609e-01
1.661376953e-01
-4.753112793e-03
1.127319336e-01
7.775878906e-02
-1.864013672e-01
1.588134766e-01
1.232299805e-01
5.505371094e-02
1.534423828e-01
3.151855469e-01
-5.825805664e-02
5.181884766e-02
1.273193359e-01
-6.506347656e-02
3.472900391e-02
-1.774597168e-02
-7.110595703e-02
2.954101562e-01
1.594238281e-01
1.177368164e-01
-2.648925781e-02
1.556396484e-01
5.889892578e-03
1.213378906e-01
-4.626464844e-02
1.960449219e-01
2.304687500e-01
1.962890625e-01
5.398559570e-02
-2.381896973e-02
1.402282715e-02
1.519775391e-01
1.257324219e-01
-1.978759766e-01
-2.884864807e-04
-7.122802734e-02
-3.436279297e-02
2.670898438e-01
7.037353516e-02
2.419433594e-01
1.491699219e-01
2.018737793e-02
1.601562500e-01
-8.703613281e-02
-4.727172852e-02
-2.648925781e-01
-1.998291016e-01
4.018554688e-01
-7.128906250e-02
-1.375732422e-01
-5.853271484e-02
9.619140625e-02
8.984375000e-02
3.271484375e-02
1.554107666e-02
2.126464844e-01
-1.524353027e-02
-2.413330078e-01
3.143310547e-03
-2.432250977e-02
8.520507812e-02
9.197998047e-02
-1.721191406e-02
-6.860351562e-02
6.818771362e-04
2.341308594e-01
9.753417969e-02
-8.239746094e-02
-2.677917480e-02
1.220703125e-01
-1.604003906e-01
9.936523438e-02
1.645507812e-01
5.862426758e-02
4.504394531e-02
-1.574707031e-01
-5.780029297e-02
-4.187011719e-02
6.573486328e-02
1.192626953e-01
-4.812011719e-01
6.646728516e-02
1.210937500e-01
7.363281250e-01
-1.182861328e-01
-7.641601562e-02
