7.977294922e-02
-2.646484375e-01
8.831787109e-02
1.892089844e-01
2.113342285e-03
9.265136719e-02
1.019287109e-01
-2.939453125e-01
-3.818359375e-01
-1.649169922e-01
-1.755371094e-01
-3.654785156e-01
5.371093750e-02
-5.914306641e-02
-8.496093750e-02
2.573242188e-01
-2.964782715e-02
-1.184082031e-01
-2.341308594e-01
-1.572265625e-01
-1.383056641e-01
-3.059082031e-01
1.899719238e-02
8.062744141e-02
3.906250000e-02
1.904296875e-01
-1.844482422e-01
1.418457031e-01
-1.513671875e-02
-2.314758301e-02
3.271484375e-01
1.254272461e-02
-2.885742188e-01
6.134033203e-02
1.676025391e-01
2.787780762e-02
-4.355468750e-01
1.816406250e-01
-1.302490234e-01
-1.318359375e-01
-2.978515625e-01
-5.505371094e-02
1.162719727e-01
-2.324218750e-01
-4.082031250e-01
1.544189453e-01
2.120361328e-01
8.251953125e-02
-9.063720703e-03
-2.161865234e-01
2.266845703e-01
-2.131347656e-01
9.063720703e-03
-1.202583313e-03
1.198120117e-01
-1.275634766e-01
-2.254638672e-01
-2.757263184e-02
9.796142578e-02
-2.937316895e-02
2.022705078e-01
-2.354736328e-01
-5.999755859e-02
7.904052734e-02
-2.172851562e-02
-4.010009766e-02
-2.780761719e-01
2.362060547e-02
9.620666504e-03
-8.026123047e-02
-2.666015625e-01
-1.916503906e-02
-2.038574219e-02
8.184814453e-02
-1.701354980e-02
1.141967773e-01
-1.550292969e-02
7.550048828e-02
-1.668701172e-01
-7.495117188e-02
3.298950195e-02
4.980468750e-02
-3.642578125e-01
-3.210449219e-01
-1.889648438e-01
5.698242188e-01
-1.110229492e-01
-5.126953125e-02
-4.213867188e-01
-4.922485352e-02
8.270263672e-02
6.506347656e-02
5.053710938e-02
-8.197021484e-02
1.887207031e-01
-9.101867676e-03
8.407592773e-03
9.332275391e-02
7.305908203e-02
-4.656982422e-02
2.255859375e-01
-2.127685547e-01
-3.170776367e-02
-1.657714844e-01
2.435302734e-01
-1.173706055e-01
2.687072754e-02
9.063720703e-02
4.156494141e-02
2.863769531e-01
2.369384766e-01
1.346435547e-01
-6.995201111e-04
1.643066406e-01
-1.556396484e-01
8.923339844e-02
-2.473144531e-01
-1.413574219e-01
-1.135864258e-01
2.719726562e-01
-2.064208984e-01
-4.221191406e-01
-2.044677734e-01
-2.998046875e-01
1.593017578e-01
-1.387939453e-01
1.853942871e-02
-9.082031250e-02
-2.900390625e-01
1.993408203e-01
-1.676025391e-01
2.019042969e-01
-2.139892578e-01
-6.372070312e-02
2.218017578e-01
-2.546386719e-01
1.856994629e-02
2.083740234e-01
-2.766113281e-01
-1.625976562e-01
1.409912109e-01
1.612548828e-01
6.402587891e-02
-3.969726562e-01
-9.185791016e-02
5.056762695e-02
8.172607422e-02
-1.403808594e-01
1.069946289e-01
-6.451416016e-02
-3.122558594e-01
1.134643555e-01
-5.783081055e-02
1.026000977e-01
1.955566406e-01
-1.307617188e+00
-1.690673828e-01
-3.961181641e-02
-1.446533203e-01
-1.357421875e-01
-2.402343750e-01
2.258300781e-01
2.404785156e-02
-2.296142578e-01
5.942382812e-01
-1.025390625e-01
4.482421875e-01
1.580810547e-01
-1.955566406e-01
-2.474365234e-01
-8.386230469e-02
2.021789551e-04
-2.101135254e-02
-8.294677734e-02
-1.533203125e-01
5.267333984e-02
-8.999023438e-01
2.316894531e-01
-9.515380859e-02
-3.125000000e-01
4.769897461e-02
-1.160278320e-01
-2.122497559e-02
-2.517700195e-02
-2.498779297e-01
1.469726562e-01
1.003417969e-01
1.861572266e-01
-3.936767578e-02
-2.729492188e-01
-2.967834473e-02
5.551147461e-02
1.439208984e-01
-1.325683594e-01
-2.442626953e-01
-5.133056641e-02
-1.020507812e-01
-1.799316406e-01
3.576660156e-02
-1.623535156e-01
-1.854248047e-01
3.505859375e-01
-2.312011719e-01
-9.234619141e-02
9.010314941e-03
4.794311523e-02
1.927490234e-01
-2.473144531e-01
-1.467285156e-01
-3.950195312e-01
-1.812744141e-01
8.380126953e-02
-2.058105469e-01
1.673889160e-02
9.332275391e-02
-1.566162109e-01
2.442626953e-01
-1.199340820e-01
9.960937500e-02
-4.980468750e-01
-4.133300781e-01
1.596679688e-01
-8.380126953e-02
-3.791503906e-01
6.536865234e-02
-1.337890625e-01
-2.563476562e-01
-1.782226562e-01
-3.671875000e-01
1.446533203e-01
-8.041992188e-01
2.607421875e-01
-2.490234375e-01
-1.998291016e-01
-2.223205566e-02
-2.863769531e-01
-3.349609375e-01
1.327514648e-02
1.168212891e-01
6.799316406e-02
-4.975585938e-01
-6.942749023e-03
3.329467773e-02
-1.916503906e-01
-1.091918945e-01
-7.122802734e-02
-2.343750000e-01
3.599166870e-03
3.608398438e-01
2.162170410e-02
-5.102539062e-02
-4.726409912e-03
-2.359619141e-01
4.135131836e-02
-7.525634766e-02
3.628540039e-02
-2.829589844e-01
-1.823730469e-01
-1.736450195e-02
-2.133789062e-01
1.806640625e-01
-1.348876953e-01
2.531051636e-03
-9.918212891e-02
-3.229980469e-01
-4.656982422e-02
-1.180419922e-01
-1.340332031e-01
9.979248047e-02
-2.905273438e-01
-5.111694336e-02
2.475585938e-01
2.334594727e-03
-1.004638672e-01
1.276855469e-01
1.324462891e-01
-1.362304688e-01
-7.659912109e-02
-3.048706055e-02
-2.502441406e-01
-1.034545898e-02
1.221923828e-01
-2.047119141e-01
-1.201171875e-01
-2.172851562e-01
-2.888183594e-01
-5.401611328e-02
-3.259277344e-01
-6.931304932e-03
-8.569335938e-02
3.848266602e-02
-2.697753906e-02
-1.809082031e-01
-1.461181641e-01
-5.415039062e-01
-1.373291016e-01
-7.653808594e-02
1.602783203e-01
5.508422852e-02
-2.247314453e-01
2.449951172e-01
1.516113281e-01
-1.536865234e-01
-9.692382812e-02
1.892089844e-02
9.179687500e-02
-3.010253906e-01
-1.963867188e+00
2.548828125e-01
-7.175445557e-03
-2.413330078e-01
-3.095703125e-01
-3.212890625e-01
-7.421875000e-02
1.509857178e-02
-8.544921875e-02
2.080078125e-01
1.017456055e-01
1.080322266e-02
-9.240722656e-02
3.005981445e-02
2.639160156e-01
-3.515625000e-01
-1.760253906e-01
-1.616210938e-01
2.731933594e-01
-1.883544922e-01
-6.909179688e-02
8.599853516e-02
-1.961669922e-01
-2.211914062e-01
-2.785644531e-01
-3.659667969e-01
-6.835937500e-02
2.174377441e-02
-3.107910156e-01
3.884887695e-02
7.732391357e-03
-8.880615234e-02
-1.047973633e-01
-4.522800446e-04
-1.634521484e-01
-1.477050781e-01
-1.641845703e-01
6.665039062e-01
1.481933594e-01
-3.503417969e-01
1.019287109e-01
-3.391113281e-01
-1.239624023e-01
-2.548217773e-02
7.855224609e-02
-3.330078125e-01
-1.267089844e-01
-4.611206055e-02
-2.548828125e-01
1.904296875e-02
-3.718261719e-01
1.070556641e-01
1.029663086e-01
-2.375488281e-01
-1.973876953e-01
-3.283691406e-01
-1.486816406e-01
-1.380615234e-01
1.159667969e-01
-1.247558594e-01
-3.744506836e-02
-4.128417969e-01
-3.323364258e-02
-1.667480469e-01
-2.624511719e-01
-6.494140625e-02
-1.437988281e-01
4.772949219e-01
-3.764648438e-01
-3.403320312e-01
-2.169799805e-02
-2.092285156e-01
-3.115234375e-01
9.544372559e-03
-1.096801758e-01
-3.952636719e-01
-3.530883789e-02
5.688476562e-02
-1.842041016e-01
9.857177734e-02
-9.741210938e-02
1.721191406e-01
1.534423828e-01
-6.585693359e-02
-2.188720703e-01
2.336425781e-01
-1.195678711e-01
4.010009766e-02
-3.920898438e-01
4.194335938e-01
2.346191406e-01
7.562255859e-02
-9.167480469e-02
-1.555633545e-02
-1.285400391e-01
-1.040649414e-01
-4.592895508e-02
1.312255859e-01
-1.613769531e-01
7.562255859e-02
2.497558594e-01
-5.393981934e-03
-3.533935547e-02
-1.116333008e-01
8.441162109e-02
-1.453857422e-01
1.292968750e+00
2.976074219e-01
-1.445312500e-01
-2.012939453e-01
1.700439453e-01
1.019287109e-01
-8.987426758e-03
-2.758789062e-01
-6.317138672e-02
3.317260742e-02
-6.401062012e-03
-3.933105469e-01
1.699218750e-01
-4.650878906e-02
-2.875976562e-01
7.037353516e-02
2.583007812e-01
1.137084961e-01
1.306152344e-01
8.459472656e-02
-1.213378906e-01
1.167602539e-01
-1.054687500e-01
-8.201599121e-03
-2.015686035e-02
1.108398438e-01
-8.979797363e-03
-3.128051758e-02
-7.025146484e-02
-1.789855957e-02
-1.856689453e-01
1.448974609e-01
3.332519531e-02
-1.036987305e-01
1.759033203e-01
-2.011108398e-02
7.257080078e-02
-1.335449219e-01
1.271972656e-01
1.610107422e-01
-2.631835938e-01
-1.246948242e-01
-1.544952393e-03
-1.957702637e-02
-1.427001953e-01
-7.177734375e-02
2.541503906e-01
-1.474380493e-03
5.773925781e-02
-1.022949219e-01
1.295166016e-01
3.786621094e-01
2.403564453e-01
-2.687988281e-01
-3.273925781e-01
-6.607055664e-03
6.435546875e-01
2.697753906e-02
2.536621094e-01
-2.362060547e-01
5.685424805e-02
-4.321289062e-02
1.474609375e-01
1.472167969e-01
-1.254882812e-01
-2.008056641e-01
-2.299499512e-02
-9.986877441e-03
1.677246094e-01
3.402709961e-02
6.311035156e-02
7.470703125e-02
-1.158447266e-01
2.967834473e-03
-5.288696289e-02
-1.795654297e-01
-1.339111328e-01
5.065917969e-02
-9.051513672e-02
3.887939453e-02
7.678222656e-02
-1.778564453e-01
-5.210876465e-03
-1.107177734e-01
-2.238464355e-02
5.398559570e-02
2.098388672e-01
-3.601074219e-02
-7.720947266e-02
-2.680969238e-02
8.715820312e-02
-2.770996094e-01
-3.376464844e-01
2.297163010e-04
-3.193359375e-01
1.345214844e-01
-1.877441406e-01
1.574707031e-01
-5.181884766e-02
-2.814941406e-01
1.071166992e-01
4.171752930e-02
1.053466797e-01
4.379272461e-03
2.456054688e-01
-6.481933594e-02
-1.562500000e-01
2.381896973e-02
4.049682617e-02
-1.751708984e-01
-1.356201172e-01
2.008056641e-01
3.262329102e-02
2.159423828e-01
-2.098388672e-01
8.316040039e-03
-1.500701904e-02
-1.088256836e-01
4.055786133e-02
4.638671875e-02
7.226562500e-02
-1.645507812e-01
1.193847656e-01
9.460449219e-02
6.488037109e-02
4.333496094e-02
-1.336914062e+00
-1.865234375e-01
-5.378723145e-03
-9.698486328e-02
-1.282958984e-01
2.491760254e-02
2.873535156e-01
2.503967285e-02
-3.547363281e-01
8.461914062e-01
-1.363525391e-01
4.335937500e-01
-3.354492188e-01
-1.378173828e-01
-1.651611328e-01
1.274414062e-01
4.324340820e-02
-1.818847656e-01
7.678222656e-02
-6.274414062e-02
-2.175903320e-02
1.345825195e-02
5.966796875e-01
1.860351562e-01
1.815185547e-01
-5.728149414e-02
-6.423950195e-03
1.226806641e-01
7.836914062e-02
7.745361328e-02
-1.076049805e-01
-9.344482422e-02
1.211547852e-01
1.573181152e-02
5.123901367e-02
2.458190918e-02
7.586669922e-02
-9.594726562e-02
-1.094360352e-01
2.371215820e-02
-7.415771484e-02
1.228637695e-01
2.162170410e-02
2.366638184e-02
-1.152343750e-01
-7.159423828e-02
6.329345703e-02
-1.900634766e-01
-8.705139160e-03
-1.130371094e-01
1.024169922e-01
4.583740234e-02
-1.719970703e-01
6.127929688e-02
-2.795410156e-01
9.802246094e-02
6.655273438e-01
-1.307373047e-01
6.750488281e-02
1.489257812e-02
-2.927246094e-01
2.308349609e-01
-1.765136719e-01
5.651855469e-02
-5.297851562e-01
-3.659667969e-01
-2.332763672e-01
3.038024902e-02
-3.510742188e-01
-3.314208984e-02
-2.081298828e-01
-1.672363281e-01
6.542968750e-02
3.713378906e-01
2.700195312e-01
-7.281494141e-02
2.327880859e-01
-1.146850586e-01
2.646484375e-01
3.734588623e-03
-8.605957031e-02
-8.679199219e-02
-2.761840820e-02
4.724121094e-02
-2.062988281e-02
2.474365234e-01
1.488037109e-01
-1.770019531e-02
7.000732422e-02
-1.269531250e-01
-7.159423828e-02
-1.383056641e-01
5.645751953e-02
3.173828125e-02
-8.569335938e-02
1.326904297e-01
-1.041259766e-01
-2.124023438e-01
-5.551147461e-02
8.245849609e-02
-7.391357422e-02
1.737976074e-02
-2.570800781e-01
8.013916016e-02
-7.489013672e-02
4.191894531e-01
-5.606079102e-02
-6.192016602e-02
2.905273438e-01
-2.346191406e-01
-4.653930664e-02
1.219482422e-01
-5.200195312e-02
7.897949219e-02
-1.193237305e-01
-8.154296875e-02
9.020996094e-02
-5.474853516e-02
9.757995605e-03
2.746582031e-01
7.434082031e-02
-8.752441406e-02
8.172607422e-02
1.627197266e-01
-9.240722656e-02
1.237792969e-01
4.061889648e-02
-8.386230469e-02
-2.845764160e-03
-1.336669922e-01
-8.544921875e-02
-4.565429688e-02
-3.581542969e-01
-7.501220703e-02
-1.250000000e-01
2.772521973e-02
-6.263732910e-03
3.140258789e-02
-5.062866211e-02
-4.829101562e-01
7.916259766e-02
-1.387939453e-01
1.523437500e-01
2.148437500e-01
-3.552246094e-02
7.250976562e-02
-2.110595703e-01
1.385498047e-01
1.010131836e-01
-3.030395508e-02
2.990722656e-02
9.179687500e-02
-1.629882812e+00
7.226562500e-02
-8.050537109e-02
-1.541748047e-01
-2.392578125e-01
1.965332031e-01
1.051635742e-01
1.822509766e-01
6.701660156e-02
1.813964844e-01
-9.508132935e-04
3.223419189e-03
1.577758789e-02
-1.002197266e-01
2.575683594e-01
1.481933594e-01
-1.076660156e-01
7.339477539e-03
2.900390625e-01
-2.775878906e-01
-6.597900391e-02
9.149169922e-02
7.379150391e-02
-1.257324219e-01
-1.779785156e-01
-1.788330078e-01
2.990722656e-02
2.768554688e-01
-3.744125366e-03
-4.452514648e-02
8.966064453e-02
8.435249329e-04
1.560058594e-01
-6.237792969e-02
-1.517333984e-01
-3.573608398e-02
-6.626129150e-03
6.596679688e-01
2.700195312e-01
-1.961669922e-01
2.885437012e-02
-2.089843750e-01
-1.701660156e-01
-6.756591797e-02
1.569824219e-01
-3.268432617e-02
1.064453125e-01
8.135986328e-02
8.041381836e-03
-1.420898438e-01
1.175537109e-01
2.606201172e-02
1.689453125e-01
-2.142333984e-01
6.610107422e-02
-1.727294922e-01
-2.060546875e-01
1.225585938e-01
6.443023682e-03
5.725097656e-02
-8.715820312e-02
-2.054443359e-01
5.953979492e-02
-1.800537109e-01
-8.856201172e-02
-7.446289062e-02
1.127319336e-01
5.888671875e-01
-3.381347656e-01
-2.011718750e-01
-2.479553223e-02
-3.056335449e-02
-2.469482422e-01
3.128051758e-03
1.901855469e-01
-3.159179688e-01
1.479492188e-01
5.648803711e-02
-1.584472656e-01
-3.482055664e-02
-9.838867188e-02
-1.778564453e-01
1.022949219e-01
-9.405517578e-02
-1.068115234e-01
4.559326172e-02
-1.351318359e-01
1.078491211e-01
1.573486328e-01
3.815917969e-01
6.526947021e-03
-4.821777344e-02
-9.362792969e-02
-3.466796875e-02
-3.540039062e-02
5.263671875e-01
2.593994141e-02
-8.221435547e-02
1.012573242e-01
-4.953002930e-02
-2.729492188e-01
-1.609802246e-02
-8.856201172e-02
2.694702148e-02
-1.851806641e-01
-4.888916016e-02
1.304687500e+00
-3.310546875e-01
8.926391602e-03
-2.369384766e-01
-1.135864258e-01
-2.644042969e-01
-4.324340820e-02
1.520996094e-01
5.371093750e-02
-1.716613770e-02
-1.311035156e-01
-7.653808594e-02
-4.794311523e-02
5.801391602e-02
-1.916503906e-01
-1.323242188e-01
1.655578613e-02
-4.190063477e-02
8.325195312e-02
-6.518554688e-02
1.424560547e-01
-8.789062500e-02
-1.341552734e-01
-1.949462891e-01
-1.289062500e-01
1.790771484e-01
-9.796142578e-02
4.364013672e-02
1.361846924e-02
1.373291016e-01
-8.990478516e-02
2.250976562e-01
-2.951660156e-01
2.275390625e-01
-3.155517578e-02
-2.175292969e-01
3.668212891e-02
-9.356689453e-02
1.477050781e-01
2.175292969e-01
1.231689453e-01
-6.866455078e-02
1.216888428e-02
-4.183959961e-02
1.448974609e-01
6.945800781e-02
1.020507812e-01
-1.618652344e-01
1.787109375e-01
1.062011719e-01
-8.190917969e-02
-1.192382812e+00
1.865234375e-01
-2.070312500e-01
5.551147461e-02
-5.191040039e-02
-5.722656250e-01
-1.097869873e-02
2.578125000e-01
-7.659912109e-02
8.081054688e-02
3.430175781e-02
-1.312255859e-01
5.523681641e-02
-1.531982422e-02
7.946777344e-02
2.058410645e-02
-2.073974609e-01
2.990722656e-02
2.066650391e-01
-1.664733887e-02
1.942443848e-02
-3.762817383e-02
1.045227051e-02
6.268310547e-02
-1.430664062e-01
-7.543945312e-02
9.051513672e-02
-3.097534180e-02
-1.203155518e-02
-2.683105469e-01
-4.959106445e-02
8.294677734e-02
9.277343750e-02
-7.972717285e-03
8.178710938e-01
1.139526367e-01
1.584472656e-01
1.412200928e-02
3.644943237e-03
2.703857422e-02
1.098022461e-01
-1.242065430e-01
1.072387695e-01
-2.482604980e-02
3.583984375e-01
-6.542968750e-02
-1.145019531e-01
7.324218750e-02
-1.257324219e-01
7.431030273e-03
1.116180420e-02
-4.159545898e-02
-2.000427246e-02
-2.519531250e-01
-6.896972656e-02
7.763671875e-02
-2.912597656e-01
-4.531860352e-02
-1.219482422e-01
1.117553711e-01
-6.262207031e-02
1.588134766e-01
1.352539062e-01
1.585388184e-02
-5.897521973e-03
2.285766602e-02
-1.828002930e-02
6.450653076e-03
-8.380126953e-02
-6.195068359e-03
4.697265625e-01
2.361297607e-03
4.614257812e-02
-8.563232422e-02
-3.695678711e-02
1.608398438e+00
6.250000000e-02
-1.307487488e-03
8.795166016e-02
7.450103760e-03
1.041412354e-02
-3.574218750e-01
-2.534484863e-02
2.758789062e-01
1.003906250e+00
-4.680156708e-04
-3.730468750e-01
-3.802490234e-02
8.984375000e-02
1.523437500e-01
6.706237793e-03
-3.013610840e-02
-3.826904297e-02
-3.964233398e-02
-4.739379883e-02
-1.287841797e-01
-2.375000000e+00
5.566406250e-01
-8.117675781e-02
6.774902344e-02
-1.331787109e-01
5.200195312e-02
7.763671875e-01
-2.882385254e-02
1.557922363e-02
-1.093750000e-01
2.531738281e-01
2.101135254e-02
9.960937500e-02
-4.632568359e-02
-2.343750000e-01
-1.424560547e-01
-7.318115234e-02
9.759521484e-02
1.240234375e-01
-5.212402344e-02
1.623535156e-01
5.722045898e-02
-6.286621094e-02
1.428222656e-02
7.458496094e-02
-8.581542969e-02
-5.444335938e-02
-6.951904297e-02
-5.999755859e-02
-1.732177734e-01
-2.667236328e-02
-2.868652344e-01
2.109375000e-01
-1.176452637e-02
-2.254638672e-01
3.435058594e-01
2.116699219e-01
-1.403808594e-01
-5.664062500e-02
-9.497070312e-02
2.005615234e-01
-2.502441406e-02
-5.307006836e-02
-5.136718750e-01
-1.663818359e-01
3.820800781e-02
-4.159545898e-02
-1.811523438e-01
1.658935547e-01
-8.642578125e-02
-7.574462891e-02
1.476287842e-02
5.065917969e-02
-3.518066406e-01
-5.390625000e-01
3.308105469e-01
-1.052856445e-01
-1.373291016e-01
6.628417969e-02
-9.466552734e-02
-1.950073242e-02
-8.868408203e-02
-2.392578125e-01
1.616210938e-01
-5.831909180e-02
-1.383056641e-01
-6.008911133e-02
5.700683594e-02
-7.080078125e-02
-1.319580078e-01
-5.126953125e-01
1.024780273e-01
1.983642578e-01
-2.963542938e-04
2.155761719e-01
-2.005615234e-01
-1.436767578e-01
2.316284180e-02
-1.368408203e-01
-7.861328125e-02
-1.767578125e-01
-2.066650391e-01
-5.462646484e-02
8.929443359e-02
3.532714844e-01
7.830810547e-02
-1.094818115e-02
-7.646484375e-01
9.344482422e-02
5.337524414e-02
-5.541992188e-02
1.374511719e-01
1.102447510e-02
-1.342773438e-01
1.113281250e-01
-4.051208496e-03
2.000732422e-01
-1.055145264e-02
-4.272460938e-01
-3.152465820e-02
4.573822021e-03
-1.341552734e-01
2.270507812e-01
1.429443359e-01
8.178710938e-01
-3.863525391e-02
-8.929443359e-02
6.185913086e-02
-1.741027832e-02
-3.518066406e-01
2.377929688e-01
-1.413574219e-01
-1.910400391e-02
2.421569824e-02
-2.006835938e-01
1.677246094e-01
-8.898925781e-02
-1.000976562e-01
3.381347656e-01
-9.399414062e-02
-2.020263672e-01
1.986083984e-01
-9.963989258e-03
4.327392578e-02
-7.391357422e-02
3.540039062e-02
-5.649566650e-03
1.639404297e-01
3.997802734e-03
8.087158203e-02
1.983642578e-01
-2.312500000e+00
-1.753234863e-02
1.909179688e-01
-1.705322266e-01
-1.021728516e-01
-1.724853516e-01
7.350921631e-03
-2.403564453e-01
-8.618164062e-02
-2.220458984e-01
2.973937988e-02
4.660034180e-02
-5.187988281e-02
-1.518554688e-01
-3.022460938e-01
7.208251953e-02
1.750488281e-01
-2.325439453e-01
1.654052734e-01
-7.385253906e-02
4.260253906e-01
-1.052856445e-01
9.515380859e-02
6.079101562e-02
6.677246094e-02
1.420898438e-01
9.625244141e-02
2.338867188e-01
-2.377929688e-01
1.989746094e-01
5.990600586e-02
-9.350585938e-02
-2.846679688e-01
1.205444336e-01
-8.239746094e-02
-6.396484375e-02
-5.592346191e-03
3.255859375e+00
2.103271484e-01
5.999755859e-02
6.866455078e-02
1.265869141e-01
-5.261230469e-02
-4.296875000e-02
-2.127685547e-01
1.259765625e-01
4.867553711e-02
5.783081055e-03
1.705322266e-01
-2.469482422e-01
-1.948242188e-01
-1.959228516e-01
2.727050781e-01
-5.654296875e-01
-7.666015625e-02
-1.770019531e-02
-6.204223633e-02
-1.469726562e-01
-8.123779297e-02
-2.627563477e-02
-1.816406250e-01
1.370849609e-01
7.843017578e-02
4.479980469e-02
-1.051635742e-01
-4.452514648e-02
-1.780700684e-02
-4.699707031e-01
-2.954101562e-01
-1.690673828e-01
1.488037109e-01
9.666442871e-03
1.931762695e-02
1.192626953e-01
-3.649902344e-01
5.043945312e-01
-1.080932617e-01
1.586914062e-01
-1.307373047e-01
1.238403320e-01
2.902832031e-01
1.041259766e-01
1.302490234e-01
1.297607422e-01
-4.806518555e-02
3.982543945e-02
-6.024169922e-02
-2.702331543e-02
-1.616210938e-01
2.418212891e-01
4.447937012e-03
-3.639221191e-03
2.841796875e-01
-2.351379395e-02
-7.855224609e-02
-7.194519043e-03
-1.773681641e-01
6.695556641e-02
-6.263732910e-03
8.923339844e-02
2.192382812e-01
-2.279663086e-02
1.309814453e-01
7.556152344e-02
2.370605469e-01
1.049804688e-01
1.330566406e-01
2.797851562e-01
-5.978393555e-02
-1.398925781e-01
2.800292969e-01
2.966308594e-01
1.300048828e-01
-1.373291016e-01
7.147216797e-02
1.273193359e-01
7.354736328e-02
-3.911132812e-01
1.795654297e-01
3.520507812e-01
-2.314453125e-01
1.237487793e-02
2.374267578e-01
2.331542969e-01
-1.922607422e-02
5.386352539e-02
-1.794433594e-02
-5.892944336e-02
7.238769531e-02
1.862792969e-01
-2.800292969e-01
3.588867188e-02
-1.323242188e-01
-1.258544922e-01
2.219238281e-01
3.411865234e-02
-4.318237305e-02
4.492187500e-02
-2.241210938e-01
-3.466796875e-02
1.600341797e-01
2.308349609e-01
6.536865234e-02
-1.577148438e-01
1.788330078e-01
3.059082031e-01
-2.339172363e-02
5.871582031e-02
1.522216797e-01
2.231445312e-01
1.551513672e-01
-2.993164062e-01
1.043701172e-01
3.213500977e-02
1.212158203e-01
-1.097106934e-02
1.271972656e-01
1.582031250e-01
6.201171875e-02
-1.414794922e-01
-2.041015625e-01
6.260871887e-04
7.294921875e-01
4.129028320e-02
2.479248047e-01
-7.580566406e-02
4.397583008e-02
1.472167969e-01
8.105468750e-02
2.854003906e-01
8.551025391e-02
2.039794922e-01
8.404541016e-02
9.234619141e-02
2.929687500e-02
2.509765625e-01
5.065917969e-02
2.437744141e-01
-1.408386230e-02
-2.189874649e-04
-5.468750000e-02
3.251953125e-01
6.695556641e-02
1.915283203e-01
8.276367188e-02
1.906738281e-01
3.664550781e-01
1.365966797e-01
1.810302734e-01
-1.321411133e-02
6.094360352e-02
-2.503967285e-02
1.285400391e-01
6.018066406e-02
-8.496093750e-02
-1.665039062e-01
1.280517578e-01
-9.564208984e-02
-3.046875000e-01
1.033935547e-01
-2.030029297e-01
-2.600097656e-02
-1.408691406e-01
-3.851318359e-02
-1.313476562e-01
-2.347412109e-01
1.700439453e-01
8.288574219e-02
2.335205078e-01
-7.488250732e-03
1.430664062e-01
2.058105469e-01
5.969238281e-02
-1.300048828e-01
2.849121094e-01
-1.206054688e-01
-6.335449219e-02
8.349609375e-02
-8.953857422e-02
4.372558594e-01
-3.659057617e-02
-1.517486572e-02
9.417724609e-02
-1.565551758e-02
-2.397155762e-02
3.503417969e-02
7.507324219e-02
3.475952148e-02
2.213134766e-01
-5.578613281e-02
4.977416992e-02
4.998779297e-02
-7.314453125e-01
1.499023438e-01
7.226562500e-02
-1.950073242e-02
-7.389068604e-03
-1.233520508e-01
3.481445312e-01
9.857177734e-02
-7.568359375e-02
9.042968750e-01
-1.252441406e-01
5.424804688e-01
2.182617188e-01
6.664276123e-03
-1.424560547e-01
-1.413574219e-01
1.749267578e-01
1.380615234e-01
1.782226562e-01
-8.917236328e-02
1.258544922e-01
1.184692383e-01
3.937988281e-01
2.760314941e-02
-2.792968750e-01
4.559326172e-02
9.254455566e-03
2.358398438e-01
8.221435547e-02
-2.421875000e-01
3.735351562e-01
2.095947266e-01
4.025878906e-01
1.407470703e-01
-2.034912109e-01
1.180267334e-02
1.365966797e-01
-2.153320312e-01
3.959655762e-03
-1.162719727e-01
2.447509766e-01
1.093139648e-01
1.490478516e-01
1.582031250e-01
-1.613769531e-01
-2.158203125e-01
3.647460938e-01
-2.174377441e-02
5.895996094e-02
-1.670837402e-02
1.867675781e-01
9.429931641e-02
-1.695556641e-01
-1.222229004e-02
4.559326172e-02
7.507324219e-02
-2.076416016e-01
-2.031250000e-01
7.525634766e-02
1.246948242e-01
-2.989196777e-02
2.971191406e-01
-3.768920898e-02
7.873535156e-02
-4.848632812e-01
-2.573242188e-01
1.669921875e-01
1.127319336e-01
-2.980957031e-01
7.453918457e-03
-2.890014648e-02
-3.295898438e-01
3.456115723e-03
2.528381348e-02
1.848144531e-01
-3.985595703e-02
2.202148438e-01
-1.673583984e-01
-2.448730469e-01
6.066894531e-02
-1.919555664e-02
-1.802978516e-01
2.805175781e-01
-2.252197266e-01
1.715087891e-01
-5.111694336e-02
8.471679688e-02
4.397583008e-02
-1.757812500e-01
1.479492188e-01
3.378295898e-02
4.342651367e-02
1.391601562e-01
3.137207031e-01
6.707763672e-02
-7.214355469e-02
2.067871094e-01
-1.560058594e-01
-1.238403320e-01
2.371826172e-01
1.038208008e-01
-1.224975586e-01
-7.604980469e-02
1.834106445e-02
-2.832412720e-03
3.312988281e-01
-7.000732422e-02
1.397705078e-02
-5.157470703e-02
-9.338378906e-02
1.569824219e-01
1.831054688e-01
1.462402344e-01
2.509765625e-01
9.539794922e-02
4.513549805e-02
2.658691406e-01
2.619628906e-01
-2.438354492e-02
2.290039062e-01
1.558837891e-01
2.125549316e-02
3.220214844e-01
3.359375000e-01
-8.056640625e-02
1.561279297e-01
3.955078125e-02
-5.563354492e-02
2.968750000e-01
-2.810668945e-02
-8.624267578e-02
9.783935547e-02
-2.145996094e-01
1.193237305e-01
-5.990600586e-02
7.019042969e-02
6.179809570e-02
4.711914062e-02
-8.155822754e-03
-4.182128906e-01
1.451416016e-01
2.998352051e-02
3.631591797e-02
3.481445312e-01
3.009033203e-02
3.532714844e-01
1.279296875e-01
1.724853516e-01
6.616210938e-02
1.314697266e-01
1.071777344e-01
-7.232666016e-02
-1.964843750e+00
3.400878906e-01
4.690551758e-02
7.122802734e-02
-2.259521484e-01
-1.464843750e-01
-1.587867737e-03
1.279296875e-01
1.029052734e-01
3.432617188e-01
1.640625000e-01
5.905151367e-02
1.614990234e-01
-1.145019531e-01
2.167968750e-01
-1.333007812e-01
-4.910278320e-02
1.019287109e-01
2.149658203e-01
-1.185913086e-01
9.167480469e-02
1.918945312e-01
-1.264648438e-01
-3.456115723e-03
4.400634766e-02
-3.366088867e-02
2.291259766e-01
3.158569336e-02
-9.497070312e-02
2.927246094e-01
1.395263672e-01
5.447387695e-02
1.856689453e-01
1.824951172e-02
-3.967285156e-02
7.250976562e-02
1.110839844e-01
1.419677734e-01
2.141113281e-01
-5.462646484e-02
1.865234375e-01
-9.210205078e-02
2.357482910e-02
-6.585121155e-04
1.373291016e-02
-9.423828125e-02
3.671875000e-01
1.337890625e-01
7.305908203e-02
1.586914062e-01
-3.007812500e-01
1.813964844e-01
2.218017578e-01
4.241943359e-02
1.688232422e-01
-1.516113281e-01
-1.580810547e-01
-3.004455566e-02
2.773437500e-01
-1.020507812e-01
-3.594970703e-02
-9.271240234e-02
2.648925781e-01
-9.118652344e-02
1.776123047e-01
1.770019531e-01
8.081054688e-02
6.357421875e-01
-3.715820312e-01
-2.152099609e-01
1.529541016e-01
7.836914062e-02
-1.695556641e-01
-1.826171875e-01
1.285400391e-01
-1.179199219e-01
2.069091797e-01
